inst12 = {
    'm': 20,
    'n': 95,
    'l': [195, 180, 190, 210, 195, 180, 190, 210, 200, 195, 180, 210, 200, 195, 180, 210, 195, 195, 180, 210],
    's': [4, 12, 3, 15, 13, 20, 21, 4, 25, 21, 7, 3, 9, 5, 20, 21, 19, 2, 16, 18, 24, 24, 8, 16, 19, 12, 9, 3, 15, 4, 24, 22, 14, 11, 20, 5, 11, 12, 7, 1, 23, 13, 4, 23, 17, 13, 9, 10, 22, 21, 13, 25, 8, 20, 3, 4, 13, 18, 1, 10, 16, 9, 13, 23, 14, 5, 1, 6, 20, 10, 19, 24, 3, 5, 13, 5, 4, 12, 11, 20, 13, 1, 3, 2, 23, 8, 25, 18, 4, 5, 21, 23, 19, 2, 21],
    'min_dist': 12,
    'max_dist': 10058,
    'min_solu': 346,
    'time': 41,
    'at_least_one': 1,
    'min_load': 1,
    'max_load': 210,
    'distances': [[0, 48, 78, 67, 110, 77, 110, 180, 27, 45, 35, 67, 132, 51, 39, 59, 40, 49, 62, 66, 39, 16, 58, 60, 28, 44, 129, 32, 24, 56, 59, 8, 8, 114, 59, 40, 39, 94, 130, 101, 56, 15, 79, 44, 44, 39, 2, 53, 103, 95, 75, 42, 59, 28, 61, 33, 22, 36, 48, 22, 48, 43, 92, 59, 6, 35, 48, 109, 31, 48, 36, 22, 41, 67, 93, 87, 63, 10, 43, 58, 47, 63, 61, 55, 20, 66, 12, 6, 39, 60, 45, 81, 83, 24, 21, 8], [48, 0, 42, 106, 92, 30, 91, 228, 72, 9, 77, 37, 180, 14, 57, 99, 87, 11, 110, 114, 69, 33, 76, 13, 76, 72, 177, 76, 72, 74, 93, 55, 44, 134, 85, 39, 87, 142, 130, 120, 104, 33, 127, 92, 87, 58, 50, 19, 123, 48, 28, 90, 60, 76, 109, 27, 67, 84, 96, 70, 96, 91, 140, 96, 54, 32, 13, 157, 76, 96, 46, 70, 89, 115, 111, 40, 111, 39, 82, 11, 95, 84, 79, 103, 32, 114, 60, 42, 87, 108, 65, 129, 131, 53, 69, 56], [78, 42, 0, 134, 134, 72, 133, 258, 102, 51, 105, 11, 210, 28, 70, 129, 117, 31, 140, 144, 97, 63, 76, 43, 106, 100, 207, 104, 102, 73, 121, 85, 74, 131, 113, 38, 117, 172, 161, 90, 134, 63, 157, 122, 115, 81, 80, 61, 115, 36, 41, 120, 20, 106, 139, 45, 97, 114, 126, 100, 126, 121, 170, 126, 84, 43, 30, 187, 106, 126, 43, 100, 119, 145, 70, 16, 139, 69, 110, 42, 125, 107, 56, 133, 59, 144, 90, 72, 115, 136, 91, 159, 161, 83, 99, 86], [67, 106, 134, 0, 176, 135, 176, 129, 93, 103, 32, 123, 80, 108, 64, 125, 105, 106, 95, 121, 37, 73, 58, 118, 68, 34, 151, 35, 50, 61, 13, 75, 75, 48, 21, 96, 95, 113, 196, 49, 51, 73, 44, 99, 24, 53, 69, 112, 37, 152, 132, 32, 115, 43, 108, 90, 45, 45, 58, 71, 28, 92, 38, 125, 70, 92, 105, 121, 97, 52, 92, 70, 90, 104, 92, 144, 11, 77, 24, 116, 77, 27, 78, 65, 76, 73, 71, 73, 33, 13, 43, 119, 104, 91, 56, 64], [110, 92, 134, 176, 0, 79, 13, 184, 83, 83, 144, 129, 147, 106, 149, 51, 71, 103, 82, 68, 147, 118, 167, 92, 109, 153, 133, 141, 126, 165, 168, 102, 104, 223, 168, 131, 81, 98, 79, 210, 126, 113, 134, 77, 152, 148, 108, 73, 212, 99, 95, 144, 152, 133, 69, 119, 131, 132, 119, 105, 149, 85, 157, 51, 107, 124, 105, 113, 79, 125, 138, 106, 86, 74, 202, 119, 165, 101, 152, 93, 100, 172, 171, 112, 124, 104, 106, 105, 144, 163, 153, 84, 87, 87, 120, 113], [77, 30, 72, 135, 79, 0, 66, 257, 101, 32, 107, 67, 209, 44, 87, 128, 116, 41, 139, 143, 99, 63, 106, 30, 105, 102, 206, 106, 101, 104, 122, 84, 73, 164, 115, 69, 116, 171, 158, 150, 133, 62, 156, 121, 117, 88, 79, 24, 153, 37, 32, 119, 90, 105, 138, 57, 97, 113, 125, 99, 125, 120, 169, 125, 83, 62, 43, 186, 105, 125, 76, 99, 118, 144, 141, 57, 140, 68, 111, 31, 124, 114, 109, 132, 62, 143, 89, 71, 116, 137, 95, 158, 160, 82, 98, 85], [110, 91, 133, 176, 13, 66, 0, 197, 83, 82, 144, 128, 150, 105, 148, 62, 72, 102, 83, 81, 147, 117, 167, 91, 109, 153, 146, 141, 126, 165, 168, 102, 103, 223, 168, 130, 82, 111, 92, 210, 126, 112, 134, 77, 152, 148, 108, 72, 212, 99, 95, 144, 151, 133, 78, 118, 131, 132, 119, 105, 149, 85, 157, 59, 107, 123, 104, 126, 79, 125, 137, 106, 86, 84, 202, 118, 165, 100, 152, 92, 100, 172, 170, 112, 123, 105, 106, 104, 144, 163, 153, 97, 100, 86, 120, 113], [180, 228, 258, 129, 184, 257, 197, 0, 158, 225, 156, 247, 49, 231, 191, 135, 143, 229, 118, 116, 164, 196, 185, 240, 153, 162, 90, 157, 159, 188, 142, 175, 185, 135, 150, 220, 142, 86, 138, 177, 126, 195, 103, 137, 146, 180, 178, 233, 151, 275, 255, 141, 239, 157, 119, 213, 166, 147, 134, 158, 135, 137, 91, 138, 174, 215, 228, 71, 154, 134, 216, 159, 139, 113, 219, 267, 122, 190, 152, 238, 134, 156, 205, 127, 200, 115, 168, 186, 146, 125, 170, 100, 97, 179, 162, 173], [27, 72, 102, 93, 83, 101, 83, 158, 0, 69, 61, 91, 110, 75, 66, 32, 15, 73, 40, 43, 64, 40, 84, 84, 26, 70, 107, 58, 43, 82, 85, 19, 28, 140, 85, 64, 17, 72, 103, 127, 45, 39, 58, 21, 69, 65, 25, 77, 129, 119, 99, 61, 83, 50, 39, 57, 48, 49, 37, 22, 66, 21, 76, 32, 24, 59, 72, 87, 4, 43, 61, 23, 19, 45, 119, 111, 82, 34, 69, 82, 26, 89, 88, 34, 45, 44, 23, 30, 61, 80, 70, 59, 61, 21, 37, 30], [45, 9, 51, 103, 83, 32, 82, 225, 69, 0, 75, 46, 177, 23, 66, 96, 84, 20, 107, 111, 67, 35, 85, 15, 73, 73, 174, 74, 69, 83, 90, 52, 41, 143, 88, 48, 84, 139, 128, 129, 101, 30, 124, 89, 85, 67, 47, 10, 132, 50, 30, 87, 69, 73, 106, 36, 65, 81, 93, 67, 93, 88, 137, 93, 51, 41, 22, 154, 73, 93, 55, 67, 86, 112, 120, 42, 108, 36, 79, 13, 92, 92, 88, 100, 41, 111, 57, 39, 84, 105, 73, 126, 128, 50, 66, 53], [35, 77, 105, 32, 144, 107, 144, 156, 61, 75, 0, 94, 107, 79, 35, 93, 73, 77, 63, 89, 8, 44, 29, 89, 36, 9, 119, 3, 18, 32, 24, 43, 43, 79, 24, 67, 63, 81, 164, 66, 30, 45, 53, 67, 10, 24, 37, 84, 68, 123, 103, 15, 86, 11, 76, 61, 13, 13, 26, 39, 21, 60, 65, 93, 38, 63, 76, 90, 65, 22, 63, 38, 58, 72, 63, 115, 34, 45, 8, 87, 45, 28, 49, 33, 47, 42, 39, 41, 10, 31, 14, 87, 72, 59, 24, 32], [67, 37, 11, 123, 129, 67, 128, 247, 91, 46, 94, 0, 199, 23, 59, 118, 106, 26, 129, 133, 86, 52, 65, 38, 95, 89, 196, 93, 91, 62, 110, 74, 63, 120, 102, 27, 106, 161, 152, 84, 123, 52, 146, 111, 104, 70, 69, 56, 104, 32, 36, 109, 23, 95, 128, 34, 86, 103, 115, 89, 115, 110, 159, 115, 73, 32, 24, 176, 95, 115, 32, 89, 108, 134, 75, 21, 128, 58, 99, 37, 114, 96, 45, 122, 48, 133, 79, 61, 104, 125, 80, 148, 150, 72, 88, 75], [132, 180, 210, 80, 147, 209, 150, 49, 110, 177, 107, 199, 0, 183, 142, 96, 96, 181, 71, 92, 115, 148, 136, 192, 105, 113, 120, 108, 110, 139, 93, 127, 137, 86, 101, 172, 94, 82, 168, 128, 77, 147, 54, 90, 97, 131, 130, 185, 102, 227, 207, 92, 191, 108, 78, 165, 117, 98, 85, 110, 86, 89, 42, 97, 126, 167, 180, 90, 106, 85, 168, 111, 91, 73, 170, 219, 73, 142, 103, 190, 86, 107, 156, 78, 152, 66, 120, 138, 97, 76, 121, 88, 73, 131, 113, 125], [51, 14, 28, 108, 106, 44, 105, 231, 75, 23, 79, 23, 183, 0, 45, 102, 90, 3, 113, 117, 71, 36, 63, 15, 79, 74, 180, 78, 75, 60, 95, 58, 47, 120, 87, 25, 90, 145, 134, 106, 107, 36, 130, 95, 89, 55, 53, 33, 109, 44, 24, 93, 46, 79, 112, 18, 70, 87, 99, 73, 99, 94, 143, 99, 57, 18, 3, 160, 79, 99, 32, 73, 92, 118, 97, 36, 113, 42, 84, 14, 98, 81, 65, 106, 32, 117, 63, 45, 89, 110, 65, 132, 134, 56, 72, 59], [39, 57, 70, 64, 149, 87, 148, 191, 66, 66, 35, 59, 142, 45, 0, 98, 78, 46, 75, 94, 27, 32, 19, 58, 41, 30, 142, 34, 34, 17, 51, 47, 47, 77, 43, 32, 68, 107, 169, 63, 65, 37, 88, 72, 45, 11, 41, 76, 66, 89, 69, 50, 51, 37, 81, 30, 27, 45, 57, 44, 56, 65, 100, 98, 42, 28, 44, 121, 70, 57, 28, 43, 63, 80, 54, 80, 69, 49, 40, 57, 59, 37, 22, 64, 26, 76, 43, 45, 45, 66, 21, 94, 96, 63, 31, 36], [59, 99, 129, 125, 51, 128, 62, 135, 32, 96, 93, 118, 96, 102, 98, 0, 20, 100, 31, 19, 96, 68, 116, 111, 58, 102, 84, 90, 75, 114, 117, 51, 55, 172, 117, 91, 30, 49, 72, 159, 75, 66, 83, 26, 101, 97, 57, 104, 161, 146, 126, 93, 110, 82, 18, 84, 80, 81, 68, 54, 98, 34, 106, 3, 56, 86, 99, 64, 28, 74, 89, 55, 35, 23, 151, 138, 114, 60, 101, 109, 49, 121, 120, 61, 74, 53, 55, 57, 93, 112, 102, 35, 38, 46, 69, 62], [40, 87, 117, 105, 71, 116, 72, 143, 15, 84, 73, 106, 96, 90, 78, 20, 0, 88, 25, 28, 76, 55, 96, 99, 38, 82, 92, 70, 55, 94, 97, 33, 43, 152, 97, 79, 10, 57, 92, 139, 55, 54, 63, 6, 81, 77, 38, 92, 141, 134, 114, 73, 98, 62, 24, 72, 60, 61, 48, 34, 78, 14, 86, 21, 36, 74, 87, 72, 11, 54, 76, 35, 15, 30, 131, 126, 94, 49, 81, 97, 29, 101, 100, 41, 60, 34, 35, 45, 73, 92, 82, 44, 46, 36, 49, 42], [49, 11, 31, 106, 103, 41, 102, 229, 73, 20, 77, 26, 181, 3, 46, 100, 88, 0, 111, 115, 69, 34, 65, 12, 77, 72, 178, 76, 73, 63, 93, 56, 45, 123, 85, 28, 88, 143, 132, 109, 105, 34, 128, 93, 87, 53, 51, 30, 112, 46, 26, 91, 49, 77, 110, 16, 68, 85, 97, 71, 97, 92, 141, 97, 55, 21, 2, 158, 77, 97, 35, 71, 90, 116, 100, 38, 111, 40, 82, 11, 96, 79, 68, 104, 30, 115, 61, 43, 87, 108, 63, 130, 132, 54, 70, 57], [62, 110, 140, 95, 82, 139, 83, 118, 40, 107, 63, 129, 71, 113, 75, 31, 25, 111, 0, 27, 66, 78, 86, 122, 35, 72, 67, 60, 45, 84, 87, 57, 67, 142, 87, 102, 24, 32, 103, 129, 44, 77, 52, 19, 71, 67, 60, 115, 131, 157, 137, 63, 121, 52, 13, 95, 50, 50, 37, 40, 67, 19, 75, 32, 56, 97, 110, 47, 36, 43, 98, 41, 21, 9, 121, 149, 84, 72, 71, 120, 18, 91, 90, 30, 82, 22, 50, 68, 62, 82, 72, 24, 21, 61, 44, 55], [66, 114, 144, 121, 68, 143, 81, 116, 43, 111, 89, 133, 92, 117, 94, 19, 28, 115, 27, 0, 92, 82, 112, 126, 54, 98, 65, 86, 71, 110, 113, 61, 71, 168, 113, 106, 27, 30, 76, 155, 71, 81, 79, 22, 97, 93, 64, 119, 157, 161, 141, 89, 125, 78, 14, 99, 76, 77, 64, 50, 94, 30, 102, 22, 60, 101, 114, 45, 39, 70, 102, 51, 31, 19, 147, 153, 110, 76, 97, 124, 45, 117, 116, 57, 86, 49, 54, 72, 89, 108, 98, 16, 19, 64, 65, 59]]
}