inst11 = {
    'm': 20,
    'n': 143,
    'l': [200, 195, 180, 185, 190, 190, 200, 195, 180, 185, 190, 185, 200, 180, 180, 195, 200, 190, 180, 200],
    's': [20, 10, 8, 6, 1, 19, 13, 24, 15, 13, 10, 4, 12, 21, 2, 10, 20, 9, 24, 19, 13, 14, 17, 25, 1, 9, 12, 22, 2, 21, 8, 19, 24, 24, 2, 20, 20, 5, 17, 4, 21, 3, 16, 14, 6, 5, 12, 23, 12, 18, 24, 3, 3, 25, 22, 25, 15, 18, 8, 20, 18, 5, 25, 16, 14, 1, 15, 22, 6, 24, 19, 12, 13, 10, 12, 13, 25, 12, 2, 11, 10, 9, 21, 14, 15, 6, 25, 14, 17, 8, 4, 17, 23, 4, 4, 9, 9, 19, 12, 25, 8, 13, 3, 6, 11, 24, 16, 21, 25, 10, 2, 13, 14, 19, 16, 23, 13, 24, 17, 8, 12, 6, 20, 20, 24, 10, 18, 10, 15, 12, 22, 11, 14, 9, 6, 23, 8, 22, 7, 15, 22, 7, 14],
    'min_dist': 4,
    'max_dist': 9934,
    'min_solu': 304,
    'time': 40,
    'at_least_one': 1,
    'min_load': 1,
    'max_load': 200,
    'distances': [[0, 47, 68, 167, 65, 46, 131, 123, 118, 129, 85, 113, 83, 16, 52, 124, 56, 183, 82, 81, 13, 128, 117, 45, 142, 128, 119, 125, 132, 47, 65, 20, 30, 124, 135, 19, 60, 124, 103, 115, 20, 137, 41, 73, 42, 41, 94, 43, 112, 125, 181, 25, 111, 65, 50, 37, 143, 32, 65, 38, 133, 25, 137, 6, 72, 92, 51, 49, 91, 47, 59, 55, 119, 105, 69, 5, 61, 86, 35, 124, 46, 143, 8, 117, 1, 41, 51, 80, 53, 111, 26, 29, 97, 41, 37, 144, 103, 67, 58, 34, 139, 128, 159, 127, 23, 107, 12, 50, 121, 136, 68, 15, 141, 92, 80, 167, 45, 180, 79, 124, 69, 127, 72, 22, 52, 89, 97, 147, 111, 71, 66, 82, 111, 73, 40, 14, 96, 10, 65, 110, 98, 101, 117, 67], [47, 0, 69, 168, 66, 92, 131, 124, 141, 129, 84, 114, 83, 51, 53, 125, 56, 184, 83, 50, 35, 129, 118, 45, 142, 129, 118, 125, 132, 6, 18, 58, 56, 124, 135, 34, 107, 125, 102, 115, 31, 137, 40, 73, 66, 42, 93, 4, 159, 126, 181, 33, 111, 65, 24, 40, 143, 26, 65, 32, 134, 72, 137, 41, 73, 91, 59, 66, 126, 74, 58, 54, 118, 105, 68, 52, 62, 64, 80, 123, 34, 96, 39, 116, 47, 42, 98, 127, 54, 112, 52, 24, 96, 39, 38, 144, 103, 41, 57, 20, 139, 128, 159, 127, 62, 107, 35, 69, 121, 137, 53, 47, 142, 92, 80, 120, 92, 180, 126, 125, 116, 127, 72, 30, 55, 136, 97, 147, 111, 50, 19, 83, 111, 79, 43, 39, 49, 45, 68, 110, 92, 102, 164, 67], [68, 69, 0, 99, 3, 83, 96, 55, 77, 62, 77, 48, 60, 84, 16, 56, 65, 115, 14, 96, 76, 60, 49, 29, 75, 60, 121, 63, 108, 74, 84, 49, 41, 57, 68, 86, 50, 56, 84, 67, 48, 70, 48, 51, 29, 27, 76, 67, 95, 57, 114, 92, 69, 42, 68, 31, 119, 94, 33, 100, 65, 61, 70, 69, 18, 77, 118, 22, 62, 115, 60, 43, 99, 43, 59, 68, 7, 100, 103, 120, 62, 158, 71, 113, 69, 108, 78, 69, 120, 43, 43, 48, 99, 106, 104, 92, 43, 83, 55, 88, 73, 63, 91, 60, 91, 40, 70, 21, 54, 68, 82, 83, 73, 69, 51, 182, 94, 113, 62, 56, 52, 80, 51, 89, 18, 74, 44, 80, 58, 85, 84, 16, 44, 15, 28, 54, 114, 78, 5, 45, 111, 33, 100, 31], [167, 168, 99, 0, 102, 182, 127, 44, 56, 66, 109, 56, 94, 183, 115, 44, 114, 16, 85, 132, 175, 40, 53, 124, 86, 39, 152, 93, 139, 173, 175, 148, 140, 80, 60, 185, 149, 43, 115, 98, 147, 56, 129, 96, 128, 126, 108, 166, 106, 50, 29, 191, 100, 104, 146, 130, 150, 193, 104, 199, 35, 160, 75, 168, 97, 109, 217, 121, 81, 214, 111, 115, 131, 74, 103, 167, 106, 135, 202, 151, 136, 191, 170, 144, 168, 207, 177, 168, 219, 56, 142, 145, 131, 205, 203, 122, 75, 130, 112, 187, 100, 93, 20, 67, 190, 71, 169, 120, 77, 31, 119, 182, 28, 101, 90, 215, 193, 14, 127, 44, 117, 111, 97, 188, 117, 171, 76, 43, 89, 122, 162, 85, 67, 97, 127, 153, 165, 177, 104, 76, 143, 66, 90, 102], [65, 66, 3, 102, 0, 80, 95, 58, 78, 65, 75, 50, 58, 81, 13, 59, 64, 118, 17, 95, 73, 63, 52, 28, 78, 63, 119, 61, 107, 71, 83, 46, 38, 60, 71, 83, 48, 59, 82, 66, 45, 73, 47, 49, 26, 24, 74, 64, 96, 60, 117, 89, 68, 40, 67, 28, 118, 91, 31, 97, 68, 58, 73, 66, 16, 75, 115, 19, 63, 112, 59, 42, 97, 42, 57, 65, 4, 99, 100, 118, 61, 157, 68, 111, 66, 105, 75, 67, 117, 46, 40, 45, 98, 103, 101, 90, 42, 82, 54, 85, 75, 64, 94, 63, 88, 43, 67, 18, 57, 71, 81, 80, 76, 67, 49, 181, 91, 116, 63, 59, 53, 79, 49, 86, 15, 75, 42, 83, 57, 84, 83, 17, 47, 16, 25, 51, 113, 75, 5, 46, 110, 36, 101, 29], [46, 92, 83, 182, 80, 0, 146, 138, 130, 144, 105, 128, 98, 42, 67, 139, 93, 198, 97, 124, 59, 143, 132, 60, 157, 143, 149, 140, 147, 93, 110, 34, 44, 139, 150, 60, 35, 139, 118, 130, 61, 152, 76, 88, 56, 56, 109, 88, 80, 140, 196, 60, 126, 80, 95, 53, 158, 77, 80, 83, 148, 23, 152, 52, 87, 107, 38, 63, 104, 34, 88, 71, 134, 120, 87, 41, 76, 128, 21, 149, 90, 186, 54, 142, 46, 70, 7, 35, 79, 126, 40, 73, 127, 86, 72, 159, 118, 111, 83, 80, 154, 143, 174, 142, 31, 122, 58, 64, 136, 151, 110, 46, 156, 107, 95, 210, 11, 195, 58, 139, 68, 142, 87, 63, 67, 44, 112, 162, 126, 113, 111, 97, 126, 87, 55, 53, 141, 49, 80, 125, 139, 116, 96, 82], [131, 131, 96, 127, 95, 146, 0, 94, 169, 61, 47, 140, 48, 147, 85, 96, 76, 132, 89, 81, 139, 100, 74, 87, 42, 139, 25, 34, 12, 137, 137, 112, 103, 47, 67, 149, 141, 95, 29, 29, 111, 71, 91, 58, 99, 90, 38, 129, 188, 77, 100, 155, 27, 67, 108, 94, 23, 157, 68, 163, 105, 124, 52, 132, 79, 40, 181, 99, 155, 178, 73, 77, 13, 53, 63, 131, 93, 67, 166, 24, 98, 64, 134, 17, 132, 171, 142, 161, 183, 88, 106, 107, 36, 169, 167, 14, 53, 91, 74, 151, 28, 35, 107, 60, 154, 56, 133, 102, 50, 131, 79, 146, 99, 39, 51, 88, 157, 116, 157, 147, 147, 16, 59, 152, 88, 170, 53, 84, 38, 82, 124, 80, 60, 111, 91, 117, 126, 141, 100, 51, 41, 119, 193, 67], [123, 124, 55, 44, 58, 138, 94, 0, 75, 34, 76, 46, 61, 139, 71, 2, 70, 60, 41, 99, 131, 6, 20, 80, 54, 45, 119, 60, 106, 129, 131, 104, 96, 47, 28, 141, 105, 1, 82, 65, 103, 24, 85, 52, 84, 82, 75, 122, 94, 17, 59, 147, 67, 60, 102, 86, 117, 149, 60, 155, 11, 116, 43, 124, 53, 76, 173, 77, 61, 170, 67, 71, 98, 41, 60, 123, 62, 102, 158, 118, 92, 158, 126, 111, 124, 163, 133, 124, 175, 12, 98, 101, 98, 161, 159, 89, 42, 86, 68, 143, 67, 60, 36, 34, 146, 38, 125, 76, 44, 37, 85, 138, 18, 68, 52, 182, 149, 58, 84, 53, 74, 78, 53, 144, 73, 128, 43, 25, 56, 88, 118, 41, 34, 54, 83, 109, 121, 133, 60, 43, 110, 25, 99, 58], [118, 141, 77, 56, 78, 130, 169, 75, 0, 109, 151, 29, 136, 133, 89, 73, 140, 72, 83, 171, 126, 69, 95, 104, 129, 30, 194, 135, 181, 143, 159, 98, 88, 122, 103, 136, 95, 74, 157, 140, 111, 99, 123, 127, 76, 99, 150, 137, 51, 92, 74, 142, 142, 118, 143, 101, 192, 144, 109, 150, 64, 108, 118, 119, 94, 151, 168, 76, 27, 164, 135, 118, 173, 116, 134, 117, 80, 175, 151, 193, 137, 233, 121, 186, 119, 158, 123, 113, 170, 82, 92, 121, 173, 156, 154, 164, 117, 158, 130, 138, 142, 135, 64, 109, 140, 113, 120, 73, 119, 38, 157, 133, 72, 143, 127, 257, 141, 70, 72, 22, 63, 153, 127, 139, 86, 117, 118, 87, 131, 160, 159, 92, 109, 62, 98, 104, 189, 128, 73, 118, 185, 50, 34, 107], [129, 129, 62, 66, 65, 144, 61, 34, 109, 0, 50, 80, 47, 145, 78, 36, 74, 71, 49, 83, 137, 40, 14, 85, 20, 79, 86, 27, 73, 135, 135, 110, 101, 14, 6, 147, 112, 35, 50, 33, 109, 10, 89, 56, 90, 88, 43, 127, 128, 17, 52, 153, 35, 65, 106, 92, 84, 155, 65, 161, 45, 122, 9, 130, 58, 44, 179, 83, 95, 176, 71, 75, 65, 25, 62, 129, 69, 71, 164, 85, 96, 125, 132, 78, 130, 169, 139, 131, 181, 28, 104, 105, 66, 167, 165, 56, 26, 90, 72, 149, 34, 27, 46, 2, 152, 22, 131, 82, 11, 71, 79, 144, 38, 41, 49, 149, 155, 55, 97, 87, 87, 45, 57, 150, 79, 136, 32, 23, 24, 82, 122, 48, 18, 62, 89, 115, 125, 139, 67, 20, 78, 59, 133, 63], [85, 84, 77, 109, 75, 105, 47, 76, 151, 50, 0, 122, 17, 101, 64, 78, 29, 115, 70, 35, 93, 82, 56, 48, 60, 121, 45, 43, 48, 90, 90, 71, 68, 43, 56, 103, 119, 77, 18, 32, 65, 58, 44, 26, 77, 53, 9, 82, 170, 59, 102, 109, 28, 35, 61, 52, 59, 110, 44, 116, 87, 85, 57, 86, 59, 7, 135, 77, 137, 132, 26, 34, 34, 35, 18, 85, 73, 26, 120, 44, 51, 83, 88, 37, 86, 125, 110, 139, 137, 70, 65, 60, 23, 123, 121, 61, 35, 44, 27, 104, 57, 46, 90, 48, 108, 38, 87, 80, 41, 113, 32, 100, 81, 9, 26, 107, 112, 101, 137, 129, 127, 44, 26, 106, 66, 148, 35, 68, 28, 35, 77, 61, 42, 90, 54, 71, 80, 95, 79, 33, 35, 101, 175, 46], [113, 114, 48, 56, 50, 128, 140, 46, 29, 80, 122, 0, 107, 129, 61, 44, 113, 72, 54, 144, 121, 41, 66, 77, 100, 17, 165, 106, 152, 119, 132, 94, 85, 93, 74, 131, 94, 45, 128, 111, 93, 70, 96, 98, 73, 72, 121, 112, 50, 63, 72, 137, 113, 89, 116, 76, 163, 139, 80, 145, 36, 106, 89, 114, 65, 122, 163, 66, 25, 160, 108, 91, 144, 87, 106, 113, 52, 148, 148, 164, 110, 204, 116, 157, 114, 153, 122, 112, 165, 53, 88, 94, 144, 151, 149, 135, 88, 131, 103, 133, 113, 106, 50, 80, 136, 84, 115, 65, 90, 25, 130, 128, 44, 114, 98, 228, 139, 70, 71, 13, 61, 124, 98, 134, 62, 115, 89, 59, 102, 133, 132, 63, 80, 42, 73, 99, 162, 123, 49, 89, 156, 21, 53, 78], [83, 83, 60, 94, 58, 98, 48, 61, 136, 47, 17, 107, 0, 99, 47, 63, 28, 102, 53, 39, 91, 67, 41, 39, 60, 106, 61, 43, 49, 89, 89, 64, 55, 42, 53, 101, 103, 62, 24, 33, 63, 55, 43, 10, 61, 42, 16, 81, 154, 45, 99, 107, 29, 19, 60, 46, 60, 109, 27, 115, 72, 76, 55, 84, 42, 17, 133, 61, 121, 130, 25, 29, 39, 23, 16, 83, 56, 43, 118, 60, 50, 100, 86, 53, 84, 123, 96, 123, 135, 55, 58, 59, 40, 121, 119, 62, 21, 44, 26, 103, 57, 46, 77, 45, 106, 25, 85, 64, 39, 98, 32, 98, 66, 9, 9, 124, 109, 98, 121, 114, 111, 45, 11, 104, 50, 132, 18, 65, 28, 35, 76, 45, 29, 74, 43, 69, 79, 93, 63, 28, 52, 86, 159, 29], [16, 51, 84, 183, 81, 42, 147, 139, 133, 145, 101, 129, 99, 0, 68, 140, 72, 199, 98, 86, 17, 144, 133, 61, 158, 144, 135, 141, 148, 51, 68, 36, 46, 140, 151, 18, 57, 140, 119, 131, 36, 153, 57, 89, 58, 57, 110, 47, 109, 141, 197, 18, 127, 81, 55, 53, 159, 35, 81, 41, 149, 25, 153, 15, 88, 108, 36, 65, 106, 31, 75, 71, 135, 121, 85, 17, 77, 91, 29, 140, 51, 147, 13, 133, 15, 28, 47, 76, 39, 127, 42, 41, 113, 44, 30, 160, 119, 72, 74, 38, 155, 144, 175, 143, 11, 123, 17, 66, 137, 152, 73, 4, 157, 108, 96, 171, 41, 196, 76, 140, 70, 143, 88, 21, 68, 85, 113, 163, 127, 76, 70, 98, 127, 89, 56, 30, 99, 7, 81, 126, 110, 117, 114, 83], [52, 53, 16, 115, 13, 67, 85, 71, 89, 78, 64, 61, 47, 68, 0, 72, 52, 131, 30, 83, 60, 76, 65, 16, 91, 76, 108, 74, 96, 58, 71, 33, 25, 73, 84, 70, 56, 72, 71, 64, 32, 86, 35, 38, 14, 11, 63, 51, 107, 73, 130, 76, 60, 29, 55, 15, 107, 78, 20, 84, 81, 45, 86, 53, 20, 64, 102, 14, 74, 99, 47, 30, 86, 54, 46, 52, 9, 87, 87, 107, 49, 145, 55, 100, 53, 92, 62, 76, 104, 59, 27, 33, 86, 90, 88, 93, 52, 70, 42, 72, 88, 77, 107, 76, 75, 56, 54, 17, 70, 84, 69, 67, 89, 56, 38, 169, 78, 129, 74, 72, 64, 76, 38, 73, 3, 85, 46, 96, 60, 72, 71, 30, 60, 27, 12, 38, 101, 62, 16, 59, 98, 49, 112, 18], [124, 125, 56, 44, 59, 139, 96, 2, 73, 36, 78, 44, 63, 140, 72, 0, 72, 60, 42, 101, 132, 4, 22, 81, 56, 43, 121, 62, 108, 130, 132, 105, 97, 49, 30, 142, 106, 1, 84, 67, 104, 26, 86, 54, 85, 83, 77, 123, 92, 19, 58, 148, 69, 61, 103, 87, 119, 150, 61, 156, 9, 117, 45, 125, 54, 78, 174, 78, 59, 171, 69, 72, 100, 43, 62, 124, 63, 104, 159, 120, 93, 160, 127, 113, 125, 164, 134, 125, 176, 13, 99, 102, 100, 162, 160, 91, 44, 88, 70, 144, 69, 62, 35, 36, 147, 40, 126, 77, 46, 35, 87, 139, 17, 70, 54, 184, 150, 57, 84, 51, 75, 80, 55, 145, 74, 129, 45, 24, 58, 90, 119, 42, 36, 54, 84, 110, 123, 134, 61, 45, 112, 23, 97, 59], [56, 56, 65, 114, 64, 93, 76, 70, 140, 74, 29, 113, 28, 72, 52, 72, 0, 129, 59, 31, 64, 76, 64, 36, 87, 112, 63, 70, 77, 61, 61, 59, 56, 69, 80, 74, 107, 71, 47, 60, 36, 82, 19, 18, 65, 41, 38, 53, 158, 72, 126, 80, 56, 24, 32, 40, 88, 81, 33, 87, 81, 73, 82, 57, 48, 36, 106, 65, 125, 103, 5, 22, 63, 50, 13, 57, 61, 35, 91, 68, 22, 93, 59, 61, 57, 96, 98, 127, 108, 62, 53, 32, 41, 94, 92, 89, 48, 18, 10, 75, 84, 73, 104, 72, 79, 52, 58, 68, 66, 105, 17, 71, 88, 37, 25, 117, 96, 125, 125, 120, 115, 72, 17, 77, 54, 136, 42, 92, 56, 20, 48, 50, 56, 78, 42, 43, 51, 66, 67, 55, 46, 92, 163, 35], [183, 184, 115, 16, 118, 198, 132, 60, 72, 71, 115, 72, 102, 199, 131, 60, 129, 0, 101, 138, 191, 56, 66, 140, 91, 55, 157, 98, 144, 189, 190, 164, 156, 85, 65, 201, 165, 59, 121, 104, 163, 61, 144, 111, 144, 142, 114, 182, 122, 58, 34, 207, 106, 120, 161, 146, 155, 209, 120, 215, 51, 176, 80, 184, 113, 115, 233, 137, 97, 230, 126, 130, 136, 80, 117, 183, 122, 141, 218, 156, 151, 196, 186, 149, 184, 223, 193, 184, 235, 72, 158, 160, 137, 221, 219, 127, 81, 145, 127, 203, 105, 98, 25, 72, 206, 77, 185, 136, 82, 47, 134, 198, 43, 107, 104, 220, 209, 16, 143, 60, 133, 116, 112, 204, 133, 187, 87, 48, 95, 137, 177, 101, 73, 113, 143, 169, 180, 193, 120, 82, 149, 82, 106, 118], [82, 83, 14, 85, 17, 97, 89, 41, 83, 49, 70, 54, 53, 98, 30, 42, 59, 101, 0, 90, 90, 46, 35, 40, 62, 53, 114, 56, 101, 88, 92, 63, 55, 43, 55, 100, 64, 42, 77, 60, 62, 56, 45, 44, 43, 41, 69, 81, 102, 43, 100, 106, 62, 35, 63, 45, 112, 108, 26, 114, 51, 75, 57, 83, 12, 70, 132, 36, 69, 129, 54, 37, 92, 36, 52, 82, 21, 94, 117, 113, 57, 152, 85, 106, 83, 122, 92, 83, 134, 29, 57, 61, 93, 120, 118, 85, 36, 77, 49, 102, 63, 56, 77, 47, 105, 33, 84, 35, 41, 55, 76, 97, 59, 62, 44, 176, 108, 99, 69, 61, 59, 73, 44, 103, 32, 88, 37, 66, 51, 79, 79, 9, 31, 22, 42, 68, 108, 92, 19, 38, 105, 33, 107, 24], [81, 50, 96, 132, 95, 124, 81, 99, 171, 83, 35, 144, 39, 86, 83, 101, 31, 138, 90, 0, 69, 105, 79, 67, 94, 143, 68, 77, 82, 56, 56, 90, 87, 77, 89, 71, 138, 100, 52, 66, 65, 91, 50, 47, 96, 72, 43, 48, 189, 82, 135, 77, 62, 55, 31, 71, 93, 76, 64, 82, 110, 104, 91, 75, 79, 41, 103, 96, 156, 108, 36, 53, 68, 59, 39, 86, 92, 14, 114, 73, 36, 62, 73, 66, 81, 92, 129, 158, 104, 93, 84, 53, 46, 89, 88, 95, 57, 14, 41, 70, 91, 80, 113, 81, 97, 61, 69, 99, 75, 136, 14, 82, 104, 44, 48, 86, 126, 134, 156, 151, 146, 78, 47, 74, 85, 167, 57, 101, 62, 11, 43, 81, 65, 109, 73, 73, 45, 79, 98, 64, 42, 123, 194, 66]]
}