Name = "inst14";
Distances = [|
	0, 82, 75, 31, 171, 26, 196, 202, 119, 137, 48, 50, 77, 34, 66, 174, 192, 2, 133, 34, 203, 135, 47, 107, 161, 56, 112, 97, 83, 62, 212, 18, 145, 156, 209, 82, 71, 75, 60, 96, 22, 101, 23, 169, 76, 138, 70, 161, 216, 201, 163, 65, 136, 126, 113, 53, 205, 88, 65, 74, 141, 116, 75, 61, 136, 109, 66, 50, 260, 99, 159, 143, 170, 191, 169, 195, 12, 42, 75, 61, 110, 44, 59, 213, 199, 74, 151, 28, 140, 109, 166, 148, 221, 64, 14, 191, 180, 77, 100, 89, 89, 198, 90, 50, 51, 89, 246, 169, 179, 70, 143, 113, 141, 164, 56, 165, 49, 186, 51, 43, 173, 175, 79, 29, 130, 54, 164, 207, 146, 18, 172, 131, 58, 149, 37, 137, 47, 122, 61, 61, 27, 93, 9, 73, 155, 59, 48, 185, 36, 61, 65, 48, 87, 147, 175, 192, 62, 55, 105, 221, 79, 24, 56, 121, 187, 117, 65, 64, 73, 171, 54, 73, 133, 71, 141, 139, 37, 87, 138, 71, 170, 249, 149, 61, 161, 44, 152, 143, 195, 74, 92, 96, 92, 22, 232, 162, 157, 65, 57, 181, 174, 44, 123, 145, 22, 145, 163, 208, 38, 106, 135, 156, 115, 40, 169, 108, |
	82, 0, 19, 94, 89, 94, 166, 120, 75, 206, 116, 118, 102, 88, 60, 92, 110, 82, 90, 76, 120, 52, 61, 28, 141, 124, 125, 165, 80, 94, 130, 100, 141, 74, 126, 65, 133, 141, 63, 155, 91, 42, 81, 87, 144, 121, 59, 78, 134, 119, 81, 134, 104, 118, 181, 28, 123, 36, 72, 57, 59, 162, 144, 64, 92, 177, 80, 106, 177, 167, 76, 160, 88, 109, 87, 113, 94, 39, 42, 129, 74, 112, 126, 131, 127, 83, 107, 97, 58, 119, 234, 135, 138, 132, 92, 109, 98, 136, 168, 148, 84, 116, 21, 118, 67, 157, 163, 87, 97, 69, 105, 181, 79, 81, 124, 83, 39, 104, 101, 64, 95, 92, 75, 97, 92, 120, 94, 126, 215, 68, 90, 49, 118, 67, 106, 55, 115, 68, 121, 100, 89, 132, 74, 128, 72, 122, 99, 102, 104, 80, 110, 116, 76, 96, 93, 110, 126, 113, 174, 139, 100, 92, 124, 74, 104, 109, 88, 146, 101, 89, 122, 76, 52, 108, 59, 111, 106, 115, 84, 70, 88, 167, 67, 129, 79, 112, 79, 81, 113, 93, 108, 121, 138, 105, 150, 79, 75, 133, 125, 99, 92, 113, 110, 87, 91, 94, 80, 126, 107, 144, 132, 74, 183, 60, 86, 86, |
	75, 19, 0, 74, 95, 75, 146, 126, 56, 186, 96, 98, 82, 82, 53, 99, 116, 75, 70, 69, 127, 59, 41, 31, 121, 104, 105, 145, 60, 74, 136, 94, 121, 80, 133, 45, 113, 122, 43, 135, 71, 25, 61, 93, 124, 101, 39, 85, 140, 125, 88, 114, 84, 98, 162, 22, 129, 16, 52, 51, 65, 142, 124, 44, 72, 157, 60, 86, 184, 148, 83, 140, 94, 115, 93, 119, 88, 33, 22, 109, 54, 92, 106, 137, 123, 64, 87, 91, 64, 99, 214, 115, 145, 112, 85, 115, 104, 116, 148, 128, 64, 122, 41, 98, 47, 137, 170, 93, 103, 49, 85, 161, 65, 88, 105, 89, 33, 110, 82, 44, 97, 99, 55, 78, 72, 100, 88, 132, 195, 61, 96, 56, 98, 73, 86, 61, 95, 48, 101, 80, 83, 112, 66, 108, 79, 102, 93, 109, 84, 60, 90, 96, 56, 76, 99, 116, 107, 93, 154, 145, 80, 72, 104, 54, 111, 89, 68, 140, 81, 95, 102, 57, 57, 88, 65, 91, 86, 95, 64, 50, 94, 173, 73, 110, 86, 96, 76, 67, 119, 73, 88, 101, 118, 98, 156, 86, 81, 113, 105, 105, 98, 93, 90, 69, 71, 74, 87, 132, 87, 124, 113, 80, 163, 40, 93, 67, |
	31, 94, 74, 0, 139, 31, 164, 170, 87, 111, 21, 29, 45, 61, 92, 143, 161, 31, 101, 60, 171, 103, 32, 75, 129, 30, 80, 70, 52, 31, 180, 50, 114, 124, 177, 50, 39, 47, 31, 64, 21, 70, 12, 137, 50, 106, 38, 129, 185, 169, 132, 39, 105, 94, 87, 74, 174, 58, 34, 100, 112, 84, 49, 30, 104, 83, 35, 18, 228, 73, 127, 112, 138, 160, 137, 164, 44, 61, 52, 35, 79, 44, 31, 181, 168, 42, 119, 47, 108, 77, 140, 116, 189, 38, 41, 159, 148, 45, 74, 57, 57, 166, 115, 24, 26, 62, 214, 137, 147, 39, 111, 87, 109, 132, 30, 133, 75, 155, 20, 30, 141, 143, 47, 21, 98, 25, 133, 176, 120, 45, 141, 100, 26, 118, 11, 106, 32, 91, 30, 29, 53, 61, 21, 42, 123, 28, 74, 153, 10, 30, 33, 22, 55, 116, 143, 161, 32, 24, 79, 190, 47, 21, 30, 89, 155, 86, 33, 95, 41, 140, 27, 41, 101, 39, 110, 107, 11, 55, 106, 40, 138, 217, 117, 35, 130, 52, 121, 111, 163, 42, 61, 64, 60, 54, 200, 130, 125, 39, 30, 149, 142, 18, 92, 113, 20, 114, 131, 176, 23, 75, 104, 124, 89, 34, 137, 77, |
	171, 89, 95, 139, 0, 171, 90, 49, 52, 130, 155, 169, 94, 177, 149, 16, 56, 171, 38, 165, 31, 73, 123, 64, 66, 164, 59, 110, 87, 108, 40, 190, 65, 70, 43, 89, 100, 96, 111, 80, 161, 69, 148, 70, 141, 46, 101, 21, 45, 37, 19, 147, 34, 45, 126, 117, 34, 83, 105, 146, 93, 87, 125, 109, 35, 102, 104, 120, 88, 92, 27, 85, 8, 20, 30, 26, 183, 129, 96, 137, 60, 184, 111, 41, 52, 97, 32, 187, 31, 62, 159, 60, 49, 131, 181, 44, 28, 94, 95, 82, 82, 26, 96, 131, 119, 147, 74, 12, 7, 100, 29, 106, 30, 24, 138, 33, 128, 29, 119, 128, 20, 5, 92, 161, 41, 116, 19, 50, 139, 157, 6, 48, 113, 23, 136, 33, 172, 48, 109, 110, 179, 78, 161, 97, 21, 111, 188, 13, 139, 109, 106, 144, 84, 23, 34, 21, 109, 115, 98, 50, 92, 161, 131, 50, 33, 53, 106, 235, 98, 11, 158, 98, 37, 100, 29, 35, 137, 84, 33, 99, 27, 77, 21, 110, 76, 192, 18, 28, 23, 97, 78, 75, 79, 194, 60, 86, 14, 122, 131, 23, 24, 150, 47, 26, 160, 25, 8, 36, 163, 69, 57, 41, 108, 130, 16, 62, |
	26, 94, 75, 31, 171, 0, 195, 201, 118, 114, 22, 24, 77, 60, 92, 174, 192, 28, 133, 60, 202, 134, 47, 107, 160, 30, 112, 71, 83, 62, 211, 27, 145, 156, 208, 81, 70, 74, 60, 95, 9, 101, 22, 169, 50, 137, 69, 160, 216, 201, 163, 39, 136, 125, 87, 74, 205, 87, 65, 100, 141, 115, 49, 61, 135, 83, 66, 50, 259, 92, 158, 143, 170, 191, 169, 195, 23, 61, 74, 35, 110, 18, 59, 213, 199, 73, 150, 16, 139, 109, 140, 147, 220, 39, 11, 191, 180, 76, 75, 88, 88, 197, 115, 39, 51, 63, 245, 168, 178, 70, 143, 87, 140, 163, 32, 165, 75, 186, 51, 42, 172, 174, 78, 9, 130, 54, 164, 207, 120, 44, 172, 131, 57, 149, 34, 137, 21, 122, 61, 60, 53, 92, 20, 73, 154, 59, 74, 184, 31, 61, 64, 26, 86, 147, 175, 192, 61, 55, 104, 221, 79, 9, 39, 120, 186, 117, 64, 64, 72, 171, 28, 72, 133, 70, 141, 139, 33, 86, 137, 71, 170, 248, 149, 60, 161, 21, 152, 143, 195, 73, 92, 95, 91, 23, 232, 161, 157, 48, 40, 180, 174, 20, 123, 144, 10, 145, 162, 208, 12, 106, 135, 155, 89, 40, 168, 108, |
	196, 166, 146, 164, 90, 195, 0, 140, 90, 81, 180, 194, 118, 202, 174, 74, 147, 196, 75, 190, 73, 163, 148, 137, 35, 189, 83, 135, 112, 133, 84, 215, 50, 160, 46, 114, 125, 121, 135, 100, 186, 123, 173, 161, 166, 58, 126, 112, 127, 127, 110, 172, 61, 70, 151, 146, 117, 129, 130, 172, 184, 80, 150, 134, 73, 124, 129, 145, 63, 103, 118, 52, 82, 108, 121, 64, 208, 154, 124, 161, 91, 209, 136, 91, 38, 122, 58, 212, 107, 86, 127, 48, 120, 156, 206, 135, 118, 119, 120, 107, 107, 89, 187, 156, 144, 171, 119, 78, 95, 125, 60, 124, 86, 115, 163, 124, 153, 61, 144, 153, 70, 95, 117, 186, 73, 141, 71, 39, 150, 182, 96, 139, 138, 114, 161, 112, 197, 97, 134, 135, 203, 103, 186, 122, 111, 136, 213, 91, 164, 134, 131, 169, 109, 69, 124, 73, 134, 140, 91, 127, 116, 186, 156, 91, 124, 78, 131, 260, 123, 102, 183, 123, 113, 125, 111, 56, 162, 109, 81, 124, 118, 59, 111, 135, 166, 217, 86, 84, 69, 122, 103, 100, 104, 219, 119, 176, 93, 147, 155, 113, 115, 175, 72, 78, 185, 71, 88, 115, 187, 89, 60, 131, 124, 155, 106, 87, |
	202, 120, 126, 170, 49, 201, 140, 0, 83, 180, 186, 200, 124, 208, 180, 66, 9, 202, 68, 196, 66, 67, 154, 94, 115, 195, 100, 141, 118, 139, 56, 220, 115, 45, 93, 120, 130, 127, 141, 130, 192, 100, 179, 32, 172, 95, 132, 41, 14, 12, 38, 178, 78, 92, 157, 148, 22, 113, 136, 177, 60, 136, 156, 140, 66, 152, 135, 151, 81, 142, 43, 134, 58, 32, 32, 76, 214, 159, 127, 167, 91, 214, 142, 49, 101, 128, 82, 217, 61, 94, 209, 109, 20, 162, 212, 10, 21, 125, 143, 123, 113, 51, 112, 162, 150, 177, 43, 62, 44, 131, 79, 156, 61, 38, 169, 36, 159, 79, 150, 159, 70, 44, 123, 192, 71, 147, 69, 100, 189, 188, 43, 70, 144, 52, 167, 64, 202, 79, 140, 141, 209, 108, 192, 128, 47, 142, 219, 49, 170, 140, 136, 175, 115, 70, 26, 66, 140, 146, 148, 19, 122, 192, 162, 81, 16, 84, 137, 266, 129, 38, 189, 129, 68, 131, 60, 85, 168, 115, 64, 130, 31, 81, 52, 141, 40, 223, 53, 58, 70, 127, 109, 106, 113, 225, 30, 40, 47, 153, 161, 26, 27, 180, 84, 62, 190, 69, 51, 25, 193, 118, 107, 45, 158, 161, 33, 93, |
	119, 75, 56, 87, 52, 118, 90, 83, 0, 130, 102, 117, 41, 125, 96, 55, 73, 119, 14, 112, 84, 73, 71, 47, 65, 112, 49, 89, 35, 56, 93, 137, 65, 70, 90, 36, 57, 65, 58, 79, 109, 33, 96, 71, 89, 45, 49, 41, 97, 82, 44, 94, 28, 42, 105, 65, 86, 39, 53, 94, 94, 86, 73, 57, 17, 101, 52, 68, 141, 91, 40, 84, 51, 72, 50, 76, 131, 76, 43, 84, 8, 131, 59, 94, 80, 45, 32, 134, 21, 43, 158, 59, 102, 79, 128, 72, 61, 60, 92, 72, 29, 79, 97, 78, 67, 94, 126, 50, 60, 48, 29, 105, 22, 45, 85, 46, 76, 67, 67, 75, 54, 56, 39, 109, 16, 64, 45, 88, 139, 104, 53, 49, 60, 30, 84, 22, 119, 7, 57, 58, 126, 56, 109, 52, 36, 59, 136, 66, 87, 57, 53, 92, 31, 28, 56, 73, 56, 63, 98, 102, 39, 108, 78, 2, 68, 33, 53, 183, 45, 52, 106, 45, 23, 47, 22, 35, 85, 39, 18, 47, 51, 130, 30, 58, 76, 140, 33, 24, 76, 44, 32, 45, 62, 142, 113, 86, 38, 69, 78, 62, 55, 97, 34, 26, 107, 26, 44, 89, 110, 68, 56, 41, 107, 78, 50, 10, |
	137, 206, 186, 111, 130, 114, 81, 180, 130, 0, 98, 113, 103, 172, 204, 114, 187, 140, 115, 172, 113, 203, 144, 177, 64, 108, 80, 54, 125, 111, 124, 139, 64, 200, 93, 140, 73, 64, 142, 50, 114, 163, 124, 201, 85, 84, 147, 152, 167, 167, 150, 90, 101, 87, 69, 186, 157, 169, 133, 212, 224, 43, 69, 141, 113, 43, 125, 100, 145, 38, 158, 45, 122, 148, 161, 104, 134, 173, 164, 80, 131, 127, 79, 131, 84, 122, 98, 130, 147, 86, 46, 70, 160, 75, 124, 175, 158, 69, 39, 57, 121, 129, 227, 87, 138, 90, 159, 118, 135, 136, 100, 43, 126, 155, 82, 164, 187, 101, 104, 141, 110, 135, 130, 108, 113, 85, 111, 92, 69, 156, 136, 179, 87, 154, 99, 152, 115, 137, 84, 105, 165, 73, 131, 77, 151, 83, 186, 131, 101, 125, 95, 89, 129, 109, 164, 113, 79, 92, 31, 167, 105, 113, 81, 131, 164, 96, 117, 179, 104, 142, 102, 129, 153, 97, 151, 94, 99, 90, 121, 135, 158, 134, 151, 76, 206, 136, 126, 124, 109, 112, 98, 84, 67, 138, 159, 216, 133, 72, 80, 153, 155, 93, 95, 118, 114, 111, 128, 155, 106, 61, 73, 171, 43, 145, 146, 119, |
	48, 116, 96, 21, 155, 22, 180, 186, 102, 98, 0, 14, 61, 83, 114, 158, 176, 50, 117, 82, 186, 118, 54, 91, 145, 9, 96, 49, 67, 46, 196, 49, 129, 140, 192, 66, 55, 58, 53, 80, 25, 85, 34, 153, 28, 121, 57, 144, 200, 185, 147, 17, 120, 109, 65, 96, 189, 79, 49, 122, 134, 100, 29, 52, 120, 61, 50, 34, 244, 77, 143, 127, 154, 175, 153, 179, 45, 83, 74, 18, 94, 28, 43, 197, 183, 57, 135, 31, 124, 93, 118, 132, 205, 23, 33, 175, 164, 60, 59, 72, 73, 182, 137, 24, 48, 41, 229, 153, 163, 54, 127, 65, 125, 148, 16, 149, 97, 170, 35, 52, 157, 158, 63, 18, 114, 38, 148, 191, 98, 67, 156, 115, 41, 133, 18, 121, 16, 106, 45, 44, 75, 77, 42, 57, 138, 43, 96, 169, 15, 45, 49, 10, 70, 131, 159, 176, 46, 39, 88, 205, 63, 23, 24, 105, 170, 101, 49, 80, 57, 155, 5, 56, 117, 54, 125, 123, 17, 70, 121, 55, 154, 233, 133, 44, 145, 37, 136, 127, 179, 58, 76, 80, 76, 39, 216, 146, 141, 33, 24, 165, 158, 5, 107, 129, 25, 129, 147, 192, 9, 90, 119, 140, 67, 55, 152, 92, |
	50, 118, 98, 29, 169, 24, 194, 200, 117, 113, 14, 0, 75, 85, 117, 173, 191, 53, 131, 84, 201, 133, 56, 105, 159, 6, 110, 59, 82, 61, 210, 52, 144, 154, 207, 80, 69, 73, 58, 94, 27, 100, 37, 167, 28, 136, 68, 159, 214, 199, 162, 22, 135, 124, 63, 99, 204, 86, 63, 124, 139, 114, 43, 59, 134, 69, 64, 48, 258, 91, 157, 142, 168, 190, 167, 194, 47, 85, 76, 32, 109, 14, 58, 211, 197, 72, 149, 22, 138, 107, 116, 146, 219, 38, 36, 189, 178, 75, 73, 87, 87, 196, 139, 38, 51, 38, 244, 167, 177, 69, 141, 70, 139, 162, 31, 163, 99, 184, 49, 54, 171, 173, 77, 20, 128, 52, 163, 206, 96, 69, 170, 130, 56, 147, 32, 136, 3, 121, 60, 59, 77, 91, 44, 72, 153, 58, 98, 183, 29, 59, 63, 25, 85, 145, 173, 190, 60, 53, 102, 220, 77, 25, 38, 119, 185, 116, 63, 66, 71, 169, 10, 71, 131, 69, 139, 137, 32, 85, 136, 69, 168, 247, 147, 58, 160, 22, 150, 141, 193, 72, 90, 94, 90, 29, 230, 160, 155, 47, 38, 179, 172, 19, 122, 143, 27, 143, 161, 206, 11, 105, 133, 154, 70, 58, 167, 107, |
	77, 102, 82, 45, 94, 77, 118, 124, 41, 103, 61, 75, 0, 83, 101, 97, 115, 77, 55, 71, 125, 100, 41, 74, 83, 70, 35, 62, 22, 14, 134, 96, 68, 97, 131, 37, 30, 39, 39, 52, 67, 60, 54, 98, 47, 60, 43, 83, 139, 124, 86, 53, 59, 48, 79, 83, 128, 66, 30, 108, 121, 59, 41, 38, 58, 75, 22, 26, 182, 65, 81, 66, 93, 114, 91, 118, 89, 70, 60, 43, 33, 90, 23, 135, 122, 18, 73, 93, 62, 31, 132, 70, 143, 37, 87, 113, 103, 34, 65, 45, 18, 120, 123, 37, 35, 54, 168, 91, 101, 33, 65, 78, 63, 86, 44, 87, 83, 109, 25, 38, 95, 97, 27, 67, 52, 22, 87, 130, 112, 63, 95, 75, 19, 72, 42, 60, 78, 45, 18, 16, 85, 29, 67, 25, 77, 19, 94, 107, 45, 22, 12, 50, 26, 70, 97, 115, 24, 21, 71, 144, 2, 67, 37, 43, 109, 40, 14, 141, 4, 94, 64, 25, 56, 6, 64, 61, 43, 12, 60, 32, 93, 171, 72, 27, 103, 98, 75, 65, 117, 9, 15, 18, 35, 100, 154, 113, 79, 30, 37, 103, 96, 56, 46, 67, 66, 68, 85, 130, 69, 41, 58, 78, 80, 42, 91, 31, |
	34, 88, 82, 61, 177, 60, 202, 208, 125, 172, 83, 85, 83, 0, 31, 181, 199, 32, 139, 12, 209, 141, 54, 113, 167, 91, 118, 132, 90, 69, 218, 33, 152, 162, 215, 88, 99, 108, 66, 122, 57, 108, 48, 176, 111, 144, 76, 167, 223, 208, 170, 100, 143, 132, 148, 60, 212, 94, 72, 39, 147, 128, 110, 67, 142, 144, 73, 72, 266, 134, 165, 150, 177, 198, 175, 202, 37, 48, 81, 96, 117, 79, 92, 219, 206, 80, 157, 63, 146, 115, 201, 154, 227, 99, 49, 197, 187, 103, 135, 115, 95, 204, 96, 85, 58, 124, 252, 175, 185, 77, 149, 148, 147, 170, 91, 171, 49, 193, 68, 49, 179, 181, 85, 64, 136, 86, 171, 214, 181, 20, 179, 138, 85, 156, 72, 144, 82, 129, 87, 67, 7, 99, 40, 95, 161, 88, 13, 191, 71, 68, 77, 83, 93, 154, 181, 199, 93, 79, 140, 228, 85, 59, 91, 127, 193, 124, 71, 70, 79, 178, 88, 79, 139, 77, 148, 145, 72, 93, 144, 78, 176, 255, 155, 96, 168, 79, 159, 149, 201, 80, 99, 102, 105, 55, 238, 168, 163, 100, 91, 187, 180, 79, 130, 151, 57, 152, 169, 214, 73, 113, 142, 162, 150, 47, 175, 115, |
	66, 60, 53, 92, 149, 92, 174, 180, 96, 204, 114, 117, 101, 31, 0, 152, 170, 63, 111, 32, 180, 112, 60, 85, 139, 123, 124, 163, 78, 93, 190, 64, 139, 134, 186, 64, 131, 140, 61, 154, 89, 79, 80, 147, 143, 119, 57, 138, 194, 179, 141, 132, 114, 116, 180, 31, 183, 66, 71, 7, 119, 160, 142, 62, 114, 176, 78, 104, 238, 166, 137, 158, 148, 169, 147, 173, 69, 31, 53, 128, 88, 111, 124, 191, 177, 82, 129, 94, 118, 118, 233, 133, 199, 131, 80, 169, 158, 135, 167, 147, 82, 176, 67, 117, 66, 155, 223, 147, 157, 68, 121, 180, 119, 142, 123, 143, 20, 164, 100, 62, 151, 152, 73, 96, 108, 118, 142, 185, 213, 47, 150, 109, 117, 127, 104, 115, 113, 100, 119, 99, 39, 131, 72, 126, 133, 120, 39, 163, 103, 79, 109, 115, 74, 125, 153, 170, 125, 111, 172, 199, 98, 91, 123, 99, 165, 107, 86, 102, 99, 149, 120, 75, 111, 106, 119, 117, 104, 113, 115, 68, 148, 227, 127, 128, 139, 111, 130, 121, 173, 92, 106, 120, 137, 87, 210, 140, 135, 132, 123, 159, 152, 111, 108, 123, 89, 123, 141, 186, 105, 142, 131, 134, 182, 58, 147, 86, |
	174, 92, 99, 143, 16, 174, 74, 66, 55, 114, 158, 173, 97, 181, 152, 0, 73, 174, 41, 168, 28, 89, 126, 67, 49, 168, 62, 113, 90, 112, 37, 193, 49, 86, 34, 92, 103, 99, 114, 78, 165, 73, 151, 87, 145, 36, 104, 38, 53, 53, 35, 150, 38, 48, 129, 121, 43, 86, 109, 150, 110, 70, 129, 113, 38, 103, 108, 124, 85, 81, 43, 68, 7, 33, 46, 20, 187, 132, 99, 140, 63, 187, 115, 38, 35, 100, 23, 190, 34, 65, 143, 43, 46, 134, 184, 60, 44, 97, 99, 85, 85, 23, 112, 134, 123, 150, 71, 5, 21, 104, 31, 103, 33, 41, 141, 50, 132, 12, 123, 131, 3, 21, 95, 164, 44, 120, 10, 34, 129, 160, 22, 64, 116, 40, 140, 37, 175, 52, 113, 113, 182, 81, 165, 101, 37, 115, 192, 16, 143, 113, 109, 147, 87, 27, 50, 17, 112, 119, 82, 52, 95, 164, 134, 53, 49, 57, 109, 239, 101, 28, 162, 101, 41, 103, 37, 35, 141, 87, 36, 103, 44, 74, 37, 114, 92, 195, 22, 31, 20, 100, 82, 78, 82, 197, 57, 102, 18, 125, 134, 39, 41, 153, 51, 29, 163, 29, 14, 41, 166, 67, 41, 57, 103, 133, 32, 66, |
	192, 110, 116, 161, 56, 192, 147, 9, 73, 187, 176, 191, 115, 199, 170, 73, 0, 192, 71, 186, 73, 57, 144, 85, 122, 186, 107, 146, 108, 129, 63, 211, 122, 36, 100, 110, 121, 123, 132, 136, 183, 91, 169, 23, 163, 102, 122, 34, 23, 19, 37, 168, 85, 99, 163, 139, 29, 104, 127, 168, 51, 143, 147, 131, 73, 159, 126, 142, 88, 149, 33, 141, 65, 39, 26, 83, 205, 150, 117, 158, 81, 205, 133, 56, 108, 118, 88, 208, 52, 101, 216, 116, 28, 152, 202, 12, 28, 118, 150, 130, 103, 57, 102, 152, 141, 168, 53, 69, 51, 122, 86, 162, 60, 31, 159, 27, 150, 86, 141, 149, 76, 51, 113, 182, 74, 138, 76, 107, 196, 178, 50, 60, 134, 43, 158, 54, 193, 70, 130, 131, 200, 114, 183, 119, 37, 132, 210, 56, 161, 131, 127, 165, 105, 77, 22, 73, 130, 137, 155, 29, 113, 182, 152, 71, 23, 90, 127, 257, 119, 45, 180, 119, 59, 121, 51, 92, 158, 105, 65, 121, 29, 88, 43, 132, 30, 213, 60, 63, 77, 118, 100, 102, 119, 215, 39, 30, 54, 143, 152, 33, 31, 171, 91, 69, 181, 76, 58, 31, 184, 125, 114, 36, 165, 151, 40, 84, |
	2, 82, 75, 31, 171, 28, 196, 202, 119, 140, 50, 53, 77, 32, 63, 174, 192, 0, 133, 31, 203, 135, 47, 107, 161, 59, 112, 100, 83, 62, 212, 18, 145, 156, 209, 82, 71, 76, 60, 96, 25, 101, 23, 169, 79, 137, 70, 161, 216, 201, 163, 68, 136, 126, 116, 53, 205, 88, 65, 71, 141, 116, 78, 61, 136, 112, 66, 50, 260, 102, 159, 143, 170, 191, 169, 195, 12, 42, 75, 64, 110, 47, 60, 213, 199, 73, 151, 30, 140, 109, 169, 148, 221, 67, 17, 191, 180, 77, 103, 89, 89, 198, 89, 53, 51, 91, 246, 169, 179, 70, 143, 116, 141, 164, 59, 165, 46, 186, 51, 43, 173, 175, 79, 32, 130, 54, 164, 207, 149, 16, 172, 131, 58, 149, 40, 137, 49, 122, 61, 61, 24, 93, 9, 73, 155, 59, 45, 185, 39, 61, 65, 51, 87, 147, 175, 192, 62, 55, 108, 221, 79, 27, 59, 121, 187, 117, 65, 64, 73, 171, 56, 73, 133, 71, 141, 139, 40, 87, 138, 71, 170, 249, 149, 64, 161, 47, 152, 143, 195, 74, 92, 96, 92, 23, 232, 162, 157, 68, 59, 181, 174, 47, 123, 145, 25, 145, 163, 208, 41, 106, 135, 156, 118, 40, 169, 108, |
	133, 90, 70, 101, 38, 133, 75, 68, 14, 115, 117, 131, 55, 139, 111, 41, 71, 133, 0, 127, 69, 87, 85, 61, 51, 126, 35, 75, 49, 70, 78, 152, 51, 85, 75, 51, 62, 58, 73, 65, 123, 47, 110, 85, 103, 31, 63, 36, 83, 68, 34, 109, 14, 27, 91, 79, 72, 53, 67, 108, 108, 72, 87, 71, 2, 87, 66, 82, 126, 77, 42, 70, 37, 58, 45, 62, 145, 91, 58, 99, 22, 146, 73, 79, 66, 59, 17, 149, 31, 29, 144, 45, 87, 93, 143, 59, 47, 56, 78, 58, 44, 64, 111, 93, 81, 109, 112, 35, 45, 62, 14, 91, 10, 39, 100, 48, 90, 53, 81, 90, 39, 41, 54, 123, 3, 78, 31, 74, 124, 119, 39, 63, 75, 38, 98, 36, 134, 22, 71, 72, 141, 42, 123, 59, 35, 73, 150, 51, 101, 71, 68, 106, 46, 14, 49, 59, 71, 77, 84, 88, 54, 123, 93, 15, 53, 19, 68, 197, 60, 38, 120, 60, 38, 62, 35, 20, 99, 46, 5, 61, 42, 115, 35, 72, 90, 154, 19, 9, 61, 59, 40, 37, 48, 156, 98, 101, 23, 84, 93, 47, 40, 112, 20, 11, 122, 12, 29, 74, 125, 54, 42, 56, 93, 92, 35, 24, |
	34, 76, 69, 60, 165, 60, 190, 196, 112, 172, 82, 84, 71, 12, 32, 168, 186, 31, 127, 0, 197, 128, 41, 101, 155, 90, 106, 131, 77, 60, 206, 32, 139, 150, 203, 76, 99, 108, 54, 121, 57, 95, 47, 163, 110, 131, 63, 154, 210, 195, 157, 100, 130, 119, 148, 47, 199, 82, 59, 39, 135, 128, 110, 55, 130, 144, 60, 72, 254, 134, 153, 137, 164, 185, 163, 189, 37, 36, 69, 95, 104, 78, 92, 207, 193, 67, 145, 62, 134, 103, 201, 142, 215, 98, 48, 185, 174, 103, 134, 114, 83, 192, 83, 84, 45, 123, 239, 163, 173, 64, 137, 147, 135, 158, 91, 159, 36, 180, 68, 37, 167, 169, 73, 64, 124, 86, 158, 201, 181, 15, 166, 125, 84, 143, 72, 131, 81, 116, 87, 66, 13, 98, 40, 94, 149, 88, 23, 179, 70, 55, 76, 82, 81, 141, 169, 186, 93, 79, 140, 215, 73, 58, 90, 115, 181, 111, 59, 70, 67, 165, 88, 67, 127, 74, 135, 133, 72, 81, 131, 65, 164, 243, 143, 96, 155, 78, 146, 137, 189, 68, 86, 90, 104, 55, 226, 156, 151, 99, 91, 175, 168, 79, 117, 139, 57, 139, 157, 202, 73, 110, 129, 150, 149, 34, 163, 102, |
	203, 120, 127, 171, 31, 202, 73, 66, 84, 113, 186, 201, 125, 209, 180, 28, 73, 203, 69, 197, 0, 90, 155, 95, 48, 196, 90, 142, 119, 140, 10, 221, 57, 87, 26, 120, 131, 127, 142, 106, 193, 101, 180, 87, 173, 65, 133, 42, 54, 54, 39, 178, 66, 77, 157, 149, 44, 114, 137, 178, 110, 86, 157, 141, 66, 131, 136, 152, 57, 109, 44, 67, 32, 34, 47, 9, 215, 160, 127, 168, 92, 215, 143, 17, 34, 129, 51, 218, 62, 93, 142, 54, 46, 163, 212, 61, 45, 126, 127, 114, 113, 15, 113, 162, 151, 178, 46, 33, 23, 132, 59, 131, 61, 41, 170, 51, 160, 16, 151, 159, 29, 28, 123, 193, 72, 148, 38, 33, 157, 188, 30, 71, 144, 53, 168, 65, 203, 80, 141, 142, 210, 109, 193, 129, 47, 143, 220, 17, 171, 141, 137, 176, 115, 55, 51, 10, 140, 147, 98, 53, 123, 192, 162, 81, 50, 85, 137, 267, 129, 31, 190, 129, 69, 131, 61, 63, 169, 116, 65, 131, 44, 46, 53, 142, 93, 224, 50, 59, 7, 128, 110, 106, 110, 226, 46, 103, 45, 153, 162, 40, 41, 181, 79, 57, 191, 57, 39, 41, 194, 96, 67, 58, 131, 162, 33, 94, |
	135, 52, 59, 103, 73, 134, 163, 67, 73, 203, 118, 133, 100, 141, 112, 89, 57, 135, 87, 128, 90, 0, 87, 27, 139, 128, 123, 163, 77, 92, 79, 153, 139, 21, 116, 63, 130, 139, 74, 153, 125, 40, 112, 34, 142, 119, 65, 51, 81, 66, 53, 131, 102, 115, 179, 81, 70, 46, 70, 110, 20, 160, 141, 73, 89, 175, 77, 103, 125, 165, 45, 158, 81, 56, 42, 99, 147, 92, 59, 127, 72, 147, 124, 78, 125, 81, 105, 150, 56, 117, 232, 133, 86, 130, 144, 56, 45, 134, 166, 146, 82, 74, 45, 116, 83, 155, 110, 85, 68, 67, 102, 179, 77, 48, 122, 39, 92, 102, 99, 91, 93, 67, 73, 125, 90, 117, 92, 124, 212, 120, 67, 24, 116, 49, 103, 51, 135, 65, 119, 98, 142, 130, 125, 126, 52, 119, 152, 72, 103, 78, 108, 114, 74, 93, 40, 90, 124, 111, 172, 86, 98, 124, 122, 72, 52, 107, 86, 199, 98, 61, 122, 74, 49, 105, 52, 108, 103, 113, 82, 68, 45, 114, 52, 127, 26, 156, 76, 79, 93, 91, 105, 119, 136, 158, 97, 27, 70, 131, 123, 50, 48, 113, 108, 85, 123, 92, 75, 73, 126, 142, 130, 31, 181, 94, 56, 84, |
	47, 61, 41, 32, 123, 47, 148, 154, 71, 144, 54, 56, 41, 54, 60, 126, 144, 47, 85, 41, 155, 87, 0, 59, 113, 63, 64, 103, 36, 32, 164, 66, 97, 108, 161, 34, 71, 80, 12, 93, 38, 53, 24, 121, 82, 90, 22, 113, 168, 153, 115, 72, 88, 78, 120, 42, 157, 40, 17, 67, 93, 100, 82, 13, 88, 116, 18, 44, 212, 106, 111, 98, 122, 143, 121, 147, 60, 28, 27, 67, 62, 60, 64, 165, 151, 26, 103, 63, 92, 61, 173, 100, 173, 70, 57, 143, 132, 75, 106, 86, 41, 150, 82, 57, 5, 95, 198, 121, 131, 22, 95, 119, 93, 116, 63, 117, 42, 138, 40, 4, 125, 127, 31, 37, 82, 58, 116, 159, 153, 33, 124, 83, 56, 101, 44, 89, 53, 74, 59, 39, 55, 70, 38, 66, 107, 60, 65, 137, 42, 18, 49, 54, 39, 99, 127, 144, 65, 51, 112, 173, 38, 37, 62, 73, 139, 69, 26, 112, 39, 123, 60, 25, 85, 46, 93, 91, 44, 53, 90, 23, 122, 201, 101, 68, 113, 69, 104, 95, 147, 31, 46, 59, 76, 70, 184, 114, 109, 71, 63, 133, 126, 51, 75, 97, 36, 97, 115, 160, 45, 82, 87, 108, 122, 7, 121, 60, |
	107, 28, 31, 75, 64, 107, 137, 94, 47, 177, 91, 105, 74, 113, 85, 67, 85, 107, 61, 101, 95, 27, 59, 0, 112, 100, 97, 137, 51, 66, 104, 126, 112, 49, 101, 37, 104, 113, 46, 127, 97, 13, 84, 62, 116, 92, 37, 53, 109, 94, 56, 105, 75, 89, 153, 53, 98, 19, 44, 82, 46, 133, 115, 45, 63, 149, 51, 77, 152, 139, 51, 131, 63, 84, 62, 88, 119, 65, 32, 101, 46, 120, 97, 106, 98, 55, 79, 123, 32, 91, 206, 107, 113, 104, 117, 84, 73, 108, 140, 120, 55, 90, 49, 90, 55, 128, 138, 61, 71, 41, 76, 153, 50, 56, 96, 58, 64, 79, 73, 64, 67, 67, 47, 97, 64, 91, 66, 100, 186, 93, 65, 24, 90, 42, 77, 30, 108, 39, 92, 72, 114, 104, 97, 99, 47, 93, 124, 77, 76, 52, 82, 88, 48, 67, 68, 85, 98, 84, 145, 114, 72, 97, 96, 46, 79, 81, 60, 171, 72, 64, 94, 48, 26, 79, 34, 82, 77, 86, 55, 41, 63, 141, 42, 101, 54, 128, 50, 53, 88, 65, 79, 93, 110, 130, 125, 54, 50, 105, 96, 73, 67, 86, 81, 59, 96, 66, 55, 101, 98, 115, 104, 48, 155, 66, 61, 58, |
	161, 141, 121, 129, 66, 160, 35, 115, 65, 64, 145, 159, 83, 167, 139, 49, 122, 161, 51, 155, 48, 139, 113, 112, 0, 154, 48, 100, 77, 98, 59, 179, 15, 136, 47, 78, 89, 86, 100, 64, 151, 98, 138, 136, 131, 23, 91, 88, 103, 103, 85, 137, 37, 35, 116, 121, 93, 104, 95, 147, 159, 45, 115, 99, 49, 89, 94, 110, 99, 68, 93, 19, 57, 83, 96, 39, 173, 118, 99, 126, 66, 173, 101, 66, 38, 87, 33, 176, 82, 51, 93, 13, 95, 121, 171, 110, 94, 84, 85, 72, 72, 64, 162, 120, 109, 136, 95, 53, 70, 90, 36, 89, 62, 90, 128, 99, 122, 36, 109, 117, 45, 71, 81, 151, 48, 106, 46, 46, 115, 146, 72, 114, 103, 89, 126, 87, 161, 73, 99, 100, 168, 67, 151, 87, 87, 101, 178, 66, 129, 99, 95, 134, 74, 45, 100, 49, 98, 105, 56, 102, 81, 150, 120, 66, 99, 43, 96, 225, 88, 77, 148, 88, 89, 90, 86, 30, 127, 74, 56, 89, 93, 88, 86, 100, 142, 182, 62, 59, 45, 86, 68, 65, 69, 184, 95, 152, 68, 112, 120, 89, 90, 139, 37, 53, 149, 46, 64, 90, 152, 54, 25, 107, 89, 120, 82, 54, |
	56, 124, 104, 30, 164, 30, 189, 195, 112, 108, 9, 6, 70, 91, 123, 168, 186, 59, 126, 90, 196, 128, 63, 100, 154, 0, 105, 54, 77, 56, 205, 58, 138, 149, 202, 75, 64, 68, 61, 89, 33, 95, 43, 162, 23, 131, 65, 154, 209, 194, 157, 17, 129, 119, 57, 105, 199, 88, 58, 130, 143, 109, 38, 60, 129, 64, 59, 43, 253, 86, 152, 137, 163, 185, 162, 189, 53, 91, 82, 27, 104, 19, 53, 206, 192, 67, 144, 28, 133, 102, 110, 141, 214, 33, 42, 184, 173, 70, 68, 82, 82, 191, 145, 33, 57, 32, 239, 162, 172, 63, 136, 65, 134, 157, 26, 158, 105, 179, 44, 60, 166, 168, 72, 26, 123, 47, 158, 201, 90, 75, 165, 125, 51, 142, 27, 131, 9, 116, 55, 54, 83, 86, 50, 67, 148, 53, 105, 178, 24, 54, 58, 20, 80, 140, 168, 185, 55, 48, 97, 215, 72, 31, 33, 114, 180, 111, 58, 71, 66, 164, 5, 66, 126, 64, 134, 132, 27, 80, 131, 64, 163, 242, 142, 53, 155, 27, 145, 136, 188, 67, 85, 89, 85, 35, 225, 155, 150, 42, 33, 174, 167, 14, 116, 138, 33, 138, 156, 201, 17, 100, 128, 149, 65, 64, 162, 102, |
	112, 125, 105, 80, 59, 112, 83, 100, 49, 80, 96, 110, 35, 118, 124, 62, 107, 112, 35, 106, 90, 123, 64, 97, 48, 105, 0, 51, 45, 49, 99, 131, 33, 120, 96, 60, 41, 37, 62, 29, 102, 83, 89, 121, 82, 25, 66, 72, 104, 89, 69, 88, 24, 13, 67, 106, 93, 89, 53, 131, 144, 36, 66, 61, 33, 52, 45, 61, 147, 42, 77, 34, 58, 79, 80, 83, 124, 92, 83, 78, 50, 125, 52, 100, 87, 41, 38, 128, 66, 5, 109, 35, 108, 72, 122, 94, 78, 35, 43, 23, 41, 85, 146, 72, 60, 88, 133, 56, 66, 55, 30, 55, 46, 75, 79, 84, 106, 74, 60, 69, 60, 62, 50, 102, 32, 57, 52, 95, 89, 98, 60, 98, 54, 74, 77, 71, 113, 57, 50, 51, 120, 19, 102, 38, 71, 52, 129, 72, 80, 50, 47, 85, 49, 35, 84, 80, 50, 56, 48, 109, 33, 102, 72, 50, 83, 16, 47, 176, 39, 62, 99, 48, 73, 41, 71, 26, 78, 25, 41, 55, 78, 136, 71, 51, 126, 133, 46, 43, 82, 38, 19, 16, 20, 135, 119, 136, 52, 63, 72, 73, 75, 91, 15, 37, 101, 33, 50, 95, 104, 18, 23, 91, 58, 71, 66, 38, |
	97, 165, 145, 70, 110, 71, 135, 141, 89, 54, 49, 59, 62, 132, 163, 113, 146, 100, 75, 131, 142, 163, 103, 137, 100, 54, 51, 0, 85, 70, 151, 99, 84, 160, 148, 99, 32, 23, 102, 35, 74, 123, 83, 160, 31, 76, 106, 112, 155, 140, 109, 36, 75, 65, 16, 145, 144, 128, 92, 171, 183, 55, 21, 101, 75, 12, 85, 59, 199, 32, 117, 82, 109, 130, 120, 134, 94, 132, 123, 35, 90, 73, 39, 152, 138, 81, 90, 76, 106, 48, 69, 87, 160, 32, 82, 134, 119, 28, 14, 28, 81, 137, 186, 46, 97, 36, 185, 108, 118, 95, 82, 16, 86, 115, 40, 124, 146, 125, 63, 101, 112, 114, 90, 67, 72, 45, 103, 146, 49, 116, 111, 138, 46, 113, 59, 111, 61, 97, 44, 64, 124, 32, 91, 37, 111, 43, 145, 124, 60, 84, 54, 48, 88, 86, 124, 131, 38, 52, 43, 160, 65, 72, 40, 90, 126, 56, 77, 125, 64, 110, 48, 88, 113, 57, 111, 78, 59, 50, 81, 95, 117, 188, 110, 35, 166, 82, 91, 83, 134, 71, 57, 43, 31, 84, 171, 176, 96, 31, 40, 120, 114, 52, 62, 84, 74, 84, 102, 147, 58, 45, 74, 131, 18, 105, 108, 78, |
	83, 80, 60, 52, 87, 83, 112, 118, 35, 125, 67, 82, 22, 90, 78, 90, 108, 83, 49, 77, 119, 77, 36, 51, 77, 77, 45, 85, 0, 21, 128, 102, 61, 74, 125, 14, 52, 61, 23, 75, 74, 37, 60, 85, 64, 54, 21, 77, 132, 117, 79, 59, 52, 42, 101, 60, 121, 43, 18, 86, 98, 82, 64, 22, 52, 97, 17, 33, 176, 87, 75, 80, 86, 107, 85, 111, 96, 47, 38, 49, 26, 96, 46, 129, 115, 9, 67, 99, 56, 39, 154, 64, 137, 52, 93, 107, 96, 56, 88, 68, 5, 114, 101, 43, 32, 77, 162, 85, 95, 13, 59, 101, 57, 80, 50, 81, 61, 102, 32, 40, 89, 91, 4, 74, 46, 40, 80, 123, 135, 69, 88, 53, 38, 65, 49, 53, 84, 38, 41, 22, 91, 52, 74, 48, 71, 42, 101, 101, 52, 22, 30, 57, 3, 63, 91, 108, 46, 33, 94, 137, 20, 73, 44, 37, 103, 33, 18, 148, 21, 87, 71, 10, 49, 28, 57, 55, 50, 35, 54, 12, 86, 165, 65, 49, 80, 105, 68, 59, 111, 13, 27, 41, 58, 106, 148, 91, 73, 53, 45, 97, 90, 62, 39, 61, 72, 61, 79, 124, 75, 64, 52, 72, 103, 43, 85, 24, |
	62, 94, 74, 31, 108, 62, 133, 139, 56, 111, 46, 61, 14, 69, 93, 112, 129, 62, 70, 60, 140, 92, 32, 66, 98, 56, 49, 70, 21, 0, 149, 81, 82, 93, 146, 29, 38, 47, 31, 60, 53, 52, 39, 106, 50, 75, 35, 98, 153, 138, 101, 39, 73, 63, 87, 75, 143, 58, 21, 100, 112, 67, 49, 30, 73, 83, 14, 12, 197, 73, 96, 81, 107, 128, 106, 132, 75, 61, 52, 35, 48, 75, 31, 150, 136, 11, 88, 78, 77, 46, 140, 85, 158, 37, 72, 128, 117, 42, 74, 54, 26, 135, 115, 24, 27, 62, 183, 106, 116, 24, 80, 86, 78, 101, 30, 102, 75, 123, 11, 30, 110, 112, 19, 52, 67, 25, 101, 145, 120, 48, 109, 69, 24, 86, 28, 75, 63, 59, 26, 6, 70, 38, 53, 33, 92, 27, 80, 122, 31, 13, 16, 35, 24, 84, 112, 129, 32, 18, 79, 159, 16, 52, 30, 58, 124, 54, 6, 127, 10, 108, 50, 17, 70, 13, 78, 76, 28, 24, 75, 24, 107, 186, 86, 35, 99, 83, 89, 80, 132, 11, 29, 33, 43, 85, 169, 105, 94, 39, 30, 118, 111, 41, 60, 82, 51, 82, 100, 145, 54, 49, 72, 93, 89, 34, 106, 45, |
	212, 130, 136, 180, 40, 211, 84, 56, 93, 124, 196, 210, 134, 218, 190, 37, 63, 212, 78, 206, 10, 79, 164, 104, 59, 205, 99, 151, 128, 149, 0, 230, 66, 76, 37, 130, 141, 137, 151, 115, 202, 110, 189, 77, 182, 74, 142, 51, 43, 43, 48, 188, 75, 86, 167, 158, 33, 123, 146, 187, 100, 96, 166, 150, 76, 140, 145, 161, 47, 119, 53, 78, 41, 24, 42, 19, 224, 169, 137, 177, 101, 224, 152, 7, 45, 138, 61, 227, 72, 102, 153, 64, 36, 172, 222, 51, 34, 135, 136, 123, 123, 13, 122, 172, 160, 187, 35, 43, 33, 141, 68, 140, 71, 48, 179, 46, 169, 25, 160, 169, 39, 37, 133, 202, 81, 157, 47, 44, 166, 198, 39, 80, 154, 62, 177, 74, 212, 89, 150, 151, 219, 119, 202, 138, 57, 152, 229, 27, 180, 150, 146, 185, 125, 64, 40, 19, 150, 156, 107, 43, 132, 202, 172, 91, 39, 94, 147, 276, 139, 40, 199, 139, 78, 141, 70, 72, 178, 125, 74, 140, 41, 37, 62, 151, 82, 233, 59, 68, 16, 138, 119, 116, 120, 235, 35, 92, 54, 163, 171, 30, 37, 190, 88, 66, 200, 66, 49, 31, 203, 105, 76, 55, 140, 171, 43, 103, |
	18, 100, 94, 50, 190, 27, 215, 220, 137, 139, 49, 52, 96, 33, 64, 193, 211, 18, 152, 32, 221, 153, 66, 126, 179, 58, 131, 99, 102, 81, 230, 0, 164, 175, 227, 100, 89, 93, 79, 114, 28, 120, 41, 188, 78, 156, 88, 179, 235, 220, 182, 67, 155, 144, 115, 72, 224, 107, 84, 72, 160, 134, 77, 80, 154, 111, 85, 69, 278, 111, 177, 162, 189, 210, 188, 214, 6, 60, 93, 63, 129, 46, 78, 232, 218, 92, 169, 29, 158, 128, 168, 166, 239, 66, 16, 210, 199, 95, 102, 107, 107, 217, 108, 58, 70, 91, 264, 187, 197, 89, 162, 115, 159, 182, 58, 184, 61, 205, 70, 61, 191, 193, 97, 31, 149, 73, 183, 226, 148, 32, 191, 150, 76, 168, 53, 156, 49, 141, 80, 79, 25, 111, 28, 92, 173, 78, 46, 203, 50, 80, 84, 50, 105, 166, 194, 211, 80, 74, 123, 240, 98, 28, 58, 139, 205, 136, 83, 45, 91, 190, 55, 91, 152, 89, 160, 158, 52, 105, 156, 90, 189, 268, 168, 79, 180, 46, 171, 162, 214, 92, 111, 114, 110, 22, 251, 180, 176, 67, 59, 200, 193, 46, 142, 163, 30, 164, 181, 227, 40, 125, 154, 174, 117, 59, 187, 127, |
	145, 141, 121, 114, 65, 145, 50, 115, 65, 64, 129, 144, 68, 152, 139, 49, 122, 145, 51, 139, 57, 139, 97, 112, 15, 138, 33, 84, 61, 82, 66, 164, 0, 136, 63, 75, 74, 70, 85, 49, 136, 98, 122, 136, 115, 19, 82, 87, 102, 103, 85, 121, 36, 23, 100, 121, 93, 104, 80, 147, 159, 29, 100, 84, 49, 74, 79, 95, 114, 52, 93, 19, 57, 83, 96, 50, 158, 108, 99, 111, 66, 158, 85, 67, 53, 71, 33, 161, 82, 36, 93, 5, 95, 105, 155, 110, 94, 68, 70, 56, 57, 64, 162, 105, 94, 121, 100, 53, 70, 75, 36, 73, 61, 90, 112, 99, 122, 40, 94, 102, 45, 71, 66, 135, 48, 91, 46, 62, 100, 131, 72, 114, 87, 89, 111, 87, 146, 73, 83, 84, 153, 52, 136, 71, 87, 85, 163, 66, 114, 84, 80, 118, 64, 45, 100, 48, 83, 90, 41, 102, 66, 135, 105, 66, 99, 31, 80, 210, 72, 77, 133, 72, 89, 74, 86, 30, 111, 58, 56, 74, 93, 103, 86, 85, 142, 166, 62, 59, 49, 71, 53, 49, 53, 168, 94, 152, 68, 96, 105, 89, 90, 124, 30, 53, 134, 46, 63, 90, 137, 38, 10, 107, 73, 104, 82, 54, |
	156, 74, 80, 124, 70, 156, 160, 45, 70, 200, 140, 154, 97, 162, 134, 86, 36, 156, 85, 150, 87, 21, 108, 49, 136, 149, 120, 160, 74, 93, 76, 175, 136, 0, 113, 74, 127, 136, 96, 150, 146, 54, 133, 13, 139, 116, 86, 48, 60, 45, 50, 132, 99, 112, 176, 102, 49, 68, 90, 131, 23, 157, 138, 94, 86, 172, 89, 105, 103, 162, 42, 155, 78, 52, 39, 96, 168, 114, 81, 124, 69, 169, 121, 69, 122, 82, 102, 172, 53, 114, 229, 130, 64, 127, 166, 34, 42, 131, 163, 143, 79, 71, 66, 116, 104, 152, 89, 82, 65, 85, 99, 176, 74, 45, 123, 36, 113, 99, 104, 113, 90, 64, 77, 146, 87, 114, 89, 121, 209, 142, 64, 24, 113, 46, 121, 48, 157, 62, 116, 95, 164, 127, 146, 123, 49, 117, 173, 69, 124, 94, 105, 129, 71, 90, 35, 87, 121, 108, 169, 65, 95, 146, 119, 69, 36, 104, 91, 220, 96, 58, 143, 83, 46, 102, 49, 105, 122, 110, 79, 84, 42, 101, 49, 124, 5, 177, 73, 76, 90, 88, 102, 116, 133, 179, 75, 16, 67, 128, 120, 47, 45, 135, 105, 82, 145, 89, 72, 51, 148, 139, 127, 28, 178, 115, 53, 81, |
	209, 126, 133, 177, 43, 208, 46, 93, 90, 93, 192, 207, 131, 215, 186, 34, 100, 209, 75, 203, 26, 116, 161, 101, 47, 202, 96, 148, 125, 146, 37, 227, 63, 113, 0, 126, 137, 133, 148, 112, 199, 107, 186, 114, 179, 71, 139, 65, 80, 81, 63, 184, 72, 83, 163, 155, 70, 120, 143, 184, 137, 92, 163, 147, 72, 137, 142, 158, 51, 115, 71, 65, 38, 61, 74, 17, 221, 166, 133, 174, 98, 221, 149, 44, 9, 135, 57, 224, 68, 99, 139, 60, 73, 169, 218, 88, 71, 132, 133, 120, 119, 42, 140, 168, 157, 184, 72, 39, 48, 138, 65, 137, 67, 68, 176, 77, 166, 22, 157, 165, 35, 48, 129, 199, 78, 154, 44, 7, 163, 194, 49, 92, 150, 67, 174, 71, 209, 86, 147, 148, 216, 115, 199, 135, 64, 149, 226, 44, 177, 147, 143, 182, 121, 61, 78, 26, 146, 153, 104, 80, 129, 198, 168, 87, 77, 91, 143, 273, 135, 55, 196, 135, 75, 137, 67, 69, 175, 121, 71, 137, 71, 40, 64, 148, 119, 230, 56, 65, 22, 134, 116, 112, 116, 232, 72, 130, 51, 159, 168, 66, 68, 187, 85, 63, 197, 63, 45, 68, 200, 102, 73, 85, 137, 168, 59, 100, |
	82, 65, 45, 50, 89, 81, 114, 120, 36, 140, 66, 80, 37, 88, 64, 92, 110, 82, 51, 76, 120, 63, 34, 37, 78, 75, 60, 99, 14, 29, 130, 100, 75, 74, 126, 0, 67, 76, 21, 90, 72, 23, 59, 87, 79, 55, 12, 78, 134, 119, 81, 68, 54, 52, 116, 45, 123, 29, 16, 71, 83, 96, 78, 20, 54, 112, 15, 40, 177, 102, 76, 94, 88, 109, 87, 113, 94, 39, 23, 64, 28, 94, 60, 131, 117, 18, 68, 97, 58, 54, 169, 69, 138, 66, 92, 109, 98, 71, 103, 83, 18, 116, 86, 53, 30, 91, 163, 86, 97, 11, 61, 116, 58, 81, 59, 83, 46, 104, 36, 39, 91, 92, 9, 72, 48, 54, 82, 125, 149, 68, 90, 49, 53, 67, 47, 55, 82, 40, 55, 35, 89, 67, 72, 62, 72, 56, 99, 102, 50, 20, 45, 55, 10, 65, 93, 110, 61, 47, 108, 139, 34, 72, 59, 38, 104, 43, 22, 146, 35, 89, 69, 11, 51, 42, 59, 57, 48, 49, 55, 10, 88, 167, 67, 64, 79, 103, 70, 61, 113, 27, 42, 55, 72, 105, 150, 79, 75, 68, 59, 99, 92, 60, 44, 63, 70, 63, 80, 126, 73, 78, 67, 74, 118, 41, 86, 26, |
	71, 133, 113, 39, 100, 70, 125, 130, 57, 73, 55, 69, 30, 99, 131, 103, 121, 71, 62, 99, 131, 130, 71, 104, 89, 64, 41, 32, 52, 38, 141, 89, 74, 127, 137, 67, 0, 8, 69, 25, 61, 90, 51, 128, 41, 66, 74, 89, 145, 130, 92, 47, 65, 54, 48, 113, 134, 96, 60, 139, 151, 44, 25, 68, 64, 44, 52, 27, 188, 34, 87, 72, 99, 120, 98, 124, 83, 100, 91, 36, 58, 83, 11, 142, 128, 49, 79, 86, 74, 38, 101, 76, 149, 31, 81, 120, 109, 5, 35, 17, 48, 127, 154, 31, 65, 46, 174, 97, 108, 63, 72, 48, 69, 92, 38, 94, 114, 115, 31, 68, 101, 103, 57, 61, 59, 16, 93, 136, 82, 83, 101, 106, 14, 81, 36, 79, 71, 64, 11, 32, 92, 21, 61, 4, 83, 11, 113, 113, 39, 52, 22, 44, 56, 76, 104, 121, 9, 19, 41, 150, 32, 61, 31, 58, 115, 46, 44, 135, 31, 100, 58, 56, 80, 24, 78, 68, 37, 17, 66, 62, 99, 178, 78, 10, 133, 92, 81, 72, 124, 39, 25, 24, 20, 94, 161, 143, 86, 22, 30, 110, 103, 49, 52, 74, 59, 74, 91, 137, 62, 35, 64, 98, 50, 72, 97, 46, |
	75, 141, 122, 47, 96, 74, 121, 127, 65, 64, 58, 73, 39, 108, 140, 99, 123, 76, 58, 108, 127, 139, 80, 113, 86, 68, 37, 23, 61, 47, 137, 93, 70, 136, 133, 76, 8, 0, 78, 21, 65, 99, 60, 137, 45, 62, 82, 88, 141, 126, 88, 50, 61, 50, 39, 122, 130, 105, 69, 147, 160, 41, 29, 77, 61, 35, 61, 35, 185, 25, 94, 68, 95, 116, 97, 120, 87, 109, 99, 40, 67, 87, 15, 138, 124, 57, 76, 90, 83, 34, 92, 73, 146, 35, 84, 116, 105, 5, 26, 13, 57, 123, 163, 34, 74, 50, 170, 94, 104, 72, 68, 39, 66, 91, 42, 100, 122, 111, 39, 77, 98, 99, 66, 65, 55, 21, 89, 132, 73, 92, 97, 115, 23, 90, 40, 88, 75, 73, 20, 41, 101, 18, 67, 13, 87, 19, 122, 110, 43, 61, 31, 48, 65, 72, 100, 117, 15, 28, 32, 146, 41, 64, 34, 67, 112, 42, 53, 139, 40, 96, 62, 64, 89, 33, 87, 64, 41, 26, 62, 71, 95, 174, 87, 14, 142, 96, 77, 68, 120, 48, 33, 21, 17, 98, 157, 152, 82, 25, 34, 106, 99, 53, 48, 70, 63, 70, 88, 133, 66, 31, 60, 107, 41, 81, 94, 55, |
	60, 63, 43, 31, 111, 60, 135, 141, 58, 142, 53, 58, 39, 66, 61, 114, 132, 60, 73, 54, 142, 74, 12, 46, 100, 61, 62, 102, 23, 31, 151, 79, 85, 96, 148, 21, 69, 78, 0, 92, 50, 41, 37, 109, 81, 77, 9, 100, 156, 141, 103, 70, 76, 65, 118, 43, 145, 27, 9, 69, 81, 99, 80, 1, 75, 114, 16, 42, 199, 104, 98, 97, 110, 131, 109, 135, 72, 30, 21, 66, 50, 73, 63, 152, 139, 20, 90, 76, 79, 56, 171, 87, 160, 69, 70, 130, 120, 73, 105, 85, 28, 137, 84, 55, 8, 94, 185, 108, 118, 10, 83, 118, 80, 103, 61, 105, 44, 126, 38, 17, 112, 114, 18, 50, 69, 57, 104, 147, 151, 46, 112, 71, 55, 89, 42, 77, 61, 62, 58, 37, 68, 69, 50, 65, 94, 59, 77, 124, 41, 17, 47, 53, 26, 87, 114, 132, 63, 50, 111, 161, 37, 50, 61, 60, 126, 57, 25, 124, 38, 111, 59, 13, 73, 45, 81, 79, 42, 52, 77, 11, 110, 188, 89, 66, 101, 81, 92, 83, 134, 30, 44, 58, 75, 83, 172, 101, 96, 70, 62, 120, 113, 50, 63, 84, 49, 85, 102, 147, 52, 81, 75, 95, 120, 19, 108, 48, |
	96, 155, 135, 64, 80, 95, 100, 130, 79, 50, 80, 94, 52, 122, 154, 78, 136, 96, 65, 121, 106, 153, 93, 127, 64, 89, 29, 35, 75, 60, 115, 114, 49, 150, 112, 90, 25, 21, 92, 0, 86, 113, 74, 151, 66, 41, 96, 102, 120, 117, 99, 72, 51, 37, 51, 135, 109, 119, 82, 161, 173, 19, 50, 91, 63, 24, 75, 49, 163, 12, 107, 47, 74, 97, 110, 99, 108, 122, 113, 61, 80, 108, 36, 117, 103, 71, 54, 111, 96, 35, 79, 51, 124, 56, 106, 124, 108, 19, 20, 7, 71, 102, 176, 56, 88, 71, 149, 72, 85, 85, 50, 25, 76, 105, 63, 114, 136, 90, 53, 91, 76, 85, 80, 86, 62, 41, 68, 111, 59, 106, 86, 128, 38, 104, 61, 101, 96, 87, 34, 54, 114, 22, 86, 27, 101, 36, 135, 88, 64, 74, 44, 69, 79, 59, 114, 96, 34, 42, 18, 125, 55, 86, 56, 80, 113, 46, 67, 160, 54, 91, 83, 78, 103, 47, 101, 44, 62, 40, 71, 85, 107, 153, 100, 35, 156, 117, 76, 73, 99, 62, 47, 34, 17, 119, 136, 166, 82, 47, 55, 103, 105, 74, 45, 67, 84, 60, 78, 112, 87, 11, 39, 121, 28, 95, 96, 68, |
	22, 91, 71, 21, 161, 9, 186, 192, 109, 114, 25, 27, 67, 57, 89, 165, 183, 25, 123, 57, 193, 125, 38, 97, 151, 33, 102, 74, 74, 53, 202, 28, 136, 146, 199, 72, 61, 65, 50, 86, 0, 92, 13, 159, 53, 128, 60, 151, 206, 191, 154, 43, 127, 116, 90, 71, 196, 78, 55, 97, 131, 106, 53, 51, 126, 86, 56, 40, 250, 83, 149, 134, 160, 182, 159, 186, 22, 58, 65, 38, 101, 22, 50, 203, 190, 64, 141, 25, 130, 99, 143, 138, 211, 41, 19, 181, 170, 67, 77, 79, 79, 188, 112, 30, 41, 66, 236, 159, 169, 61, 133, 90, 131, 154, 33, 155, 72, 176, 42, 33, 163, 165, 69, 6, 120, 45, 155, 198, 123, 41, 162, 122, 48, 139, 24, 128, 24, 113, 52, 51, 50, 83, 16, 64, 145, 50, 71, 175, 21, 51, 55, 25, 77, 137, 165, 182, 52, 45, 94, 212, 69, 1, 33, 111, 177, 108, 55, 74, 63, 162, 31, 63, 123, 61, 131, 129, 24, 77, 128, 61, 160, 239, 139, 50, 152, 30, 142, 133, 185, 64, 83, 86, 82, 32, 222, 152, 147, 42, 34, 171, 164, 22, 114, 135, 1, 136, 153, 198, 15, 97, 126, 146, 92, 31, 159, 99, |
