Name = "inst15";
Distances = [|
	0, 116, 137, 48, 121, 128, 130, 98, 125, 139, 60, 128, 147, 120, 52, 5, 85, 88, 7, 82, 32, 46, 87, 126, 165, 91, 103, 98, 84, 110, 181, 126, 46, 105, 92, 82, 105, 145, 30, 97, 125, 184, 99, 71, 112, 118, 114, 34, 129, 73, 35, 141, 166, 88, 75, 95, 23, 74, 81, 55, 59, 130, 80, 118, 57, 126, 69, 121, 176, 105, 73, 98, 126, 126, 44, 132, 124, 135, 93, 83, 72, 105, 103, 55, 105, 81, 133, 74, 147, 32, 53, 64, 165, 27, 137, 46, 156, 145, 97, 100, 94, 76, 155, 73, 89, 116, 147, 132, 104, 127, 148, 142, 131, 12, 77, 102, 20, 130, 74, 180, 106, 103, 106, 60, 72, 210, 97, 129, 43, 133, 40, 95, 70, 123, 93, 134, 121, 164, 141, 151, 92, 68, 93, 82, 131, 130, 117, 86, 74, 73, 85, 207, 95, 41, 79, 152, 57, 61, 58, 38, 66, 111, 80, 80, 87, 119, 222, 44, 198, 122, 167, 109, 62, 122, 138, 91, 84, 87, 97, 9, 106, 113, 82, 35, 137, 167, 84, 87, 62, 122, 199, 136, 62, 37, 113, 89, 85, 119, 118, 4, 107, 119, 73, 108, 144, 128, 110, 128, 34, 65, 53, 103, 96, 74, 108, 99, 78, 98, 161, 78, 102, 137, 21, 43, 107, 93, 90, 77, 95, 97, 76, 118, 93, 180, 83, 181, 98, 89, 104, 96, |
	116, 0, 89, 68, 84, 148, 16, 161, 105, 96, 104, 99, 92, 22, 76, 116, 30, 45, 108, 95, 122, 100, 28, 123, 49, 24, 12, 110, 86, 66, 159, 99, 102, 25, 83, 45, 94, 223, 85, 27, 215, 97, 29, 161, 196, 61, 9, 123, 45, 49, 80, 51, 121, 46, 96, 53, 113, 70, 66, 121, 61, 68, 35, 70, 58, 118, 46, 8, 60, 62, 46, 37, 122, 136, 89, 16, 65, 224, 63, 95, 85, 148, 111, 108, 56, 90, 49, 52, 211, 83, 98, 61, 255, 88, 21, 136, 40, 29, 21, 79, 83, 77, 132, 163, 67, 71, 92, 77, 53, 25, 87, 118, 56, 104, 64, 127, 136, 76, 41, 120, 76, 12, 33, 106, 65, 94, 18, 34, 72, 17, 97, 60, 72, 7, 102, 61, 53, 78, 63, 66, 57, 91, 39, 33, 84, 75, 1, 65, 132, 125, 82, 91, 51, 80, 61, 90, 84, 78, 75, 120, 104, 69, 35, 50, 60, 84, 150, 133, 82, 95, 82, 139, 53, 46, 75, 43, 100, 46, 21, 107, 118, 58, 74, 124, 120, 155, 93, 72, 116, 106, 120, 129, 95, 91, 148, 26, 100, 65, 197, 111, 35, 71, 95, 29, 95, 107, 72, 36, 132, 51, 76, 71, 76, 66, 7, 18, 82, 17, 183, 90, 44, 145, 104, 128, 70, 155, 66, 131, 20, 112, 67, 3, 23, 64, 93, 76, 27, 38, 25, 71, |
	137, 89, 0, 88, 16, 58, 73, 71, 15, 6, 76, 9, 10, 67, 85, 138, 73, 48, 130, 54, 112, 122, 72, 33, 45, 71, 84, 38, 52, 27, 69, 10, 90, 64, 44, 54, 32, 134, 107, 97, 125, 47, 60, 85, 107, 118, 99, 129, 43, 73, 101, 141, 31, 48, 61, 41, 114, 91, 55, 82, 77, 21, 74, 19, 79, 29, 68, 98, 73, 105, 73, 52, 32, 46, 93, 103, 24, 135, 43, 53, 64, 58, 34, 82, 33, 112, 40, 74, 121, 104, 83, 82, 165, 109, 90, 102, 50, 118, 67, 36, 42, 61, 43, 120, 48, 20, 10, 12, 104, 114, 11, 28, 33, 126, 59, 37, 158, 12, 67, 43, 30, 79, 55, 76, 64, 72, 83, 55, 94, 92, 96, 41, 67, 83, 43, 27, 36, 27, 26, 22, 44, 69, 50, 61, 6, 14, 90, 51, 62, 63, 51, 70, 42, 96, 83, 15, 79, 75, 96, 98, 71, 26, 68, 80, 50, 18, 85, 130, 61, 15, 30, 49, 75, 43, 14, 91, 52, 87, 68, 128, 31, 31, 54, 137, 31, 66, 53, 50, 74, 17, 62, 39, 75, 99, 59, 74, 52, 23, 107, 132, 54, 18, 63, 60, 7, 17, 26, 53, 153, 71, 83, 33, 41, 63, 90, 99, 59, 77, 93, 111, 45, 55, 125, 93, 29, 66, 47, 152, 78, 39, 60, 86, 93, 58, 53, 44, 62, 51, 64, 40, |
	48, 68, 88, 0, 72, 79, 82, 92, 76, 90, 35, 79, 99, 71, 7, 49, 52, 40, 41, 34, 53, 33, 51, 77, 116, 51, 64, 49, 35, 61, 132, 78, 33, 56, 43, 34, 56, 154, 18, 76, 146, 136, 51, 92, 127, 97, 78, 54, 80, 52, 13, 120, 117, 40, 27, 46, 44, 53, 32, 52, 10, 81, 53, 69, 25, 77, 35, 77, 127, 84, 52, 49, 77, 77, 20, 83, 75, 156, 44, 34, 24, 79, 54, 39, 56, 60, 84, 53, 142, 16, 29, 43, 186, 20, 88, 67, 108, 97, 48, 51, 45, 27, 106, 94, 40, 67, 98, 83, 83, 94, 100, 93, 82, 37, 28, 58, 69, 81, 47, 131, 57, 58, 57, 37, 23, 161, 62, 81, 5, 84, 28, 46, 21, 74, 45, 85, 72, 115, 92, 102, 43, 22, 44, 40, 82, 81, 69, 37, 63, 56, 37, 158, 46, 11, 58, 103, 15, 12, 37, 51, 35, 62, 48, 59, 38, 70, 174, 65, 150, 73, 118, 70, 23, 74, 89, 70, 35, 66, 49, 40, 57, 64, 33, 55, 89, 118, 35, 38, 47, 73, 150, 87, 26, 22, 79, 54, 36, 71, 128, 43, 59, 70, 26, 59, 96, 79, 62, 80, 65, 17, 7, 54, 47, 25, 70, 78, 29, 56, 114, 57, 53, 88, 37, 59, 59, 87, 41, 64, 57, 48, 28, 69, 72, 132, 34, 133, 50, 40, 56, 47, |
	121, 84, 16, 72, 0, 64, 68, 77, 21, 18, 60, 15, 26, 62, 68, 121, 68, 38, 113, 38, 96, 105, 67, 38, 44, 66, 79, 26, 36, 18, 74, 15, 74, 59, 28, 38, 15, 139, 90, 91, 130, 63, 55, 77, 112, 113, 93, 113, 38, 68, 85, 135, 45, 38, 45, 31, 98, 75, 39, 65, 61, 15, 69, 14, 63, 34, 51, 93, 68, 99, 68, 47, 38, 52, 76, 98, 19, 140, 27, 37, 48, 63, 27, 65, 27, 95, 35, 69, 127, 88, 67, 66, 171, 93, 85, 86, 45, 113, 62, 20, 26, 44, 48, 103, 31, 13, 26, 11, 99, 109, 27, 33, 28, 109, 43, 42, 141, 9, 62, 59, 14, 74, 50, 60, 48, 89, 78, 50, 77, 87, 80, 25, 50, 77, 27, 22, 31, 43, 21, 30, 28, 52, 44, 56, 10, 9, 84, 34, 47, 47, 35, 86, 32, 79, 73, 31, 63, 59, 80, 82, 54, 15, 63, 75, 33, 1, 101, 114, 77, 10, 46, 55, 58, 38, 17, 86, 36, 82, 63, 112, 33, 25, 38, 121, 36, 71, 36, 33, 58, 22, 78, 45, 58, 83, 64, 69, 35, 18, 113, 116, 49, 12, 47, 55, 23, 22, 11, 48, 137, 55, 67, 17, 24, 46, 85, 94, 42, 72, 98, 95, 40, 61, 109, 77, 14, 71, 30, 136, 73, 27, 44, 81, 88, 59, 37, 60, 56, 45, 58, 24, |
	128, 148, 58, 79, 64, 0, 132, 30, 42, 52, 67, 48, 56, 126, 76, 129, 132, 102, 121, 53, 103, 113, 131, 25, 104, 130, 143, 38, 61, 82, 52, 48, 81, 123, 64, 102, 54, 75, 98, 155, 66, 56, 119, 76, 48, 177, 158, 120, 102, 132, 92, 199, 37, 102, 52, 95, 105, 132, 82, 73, 86, 79, 133, 78, 105, 29, 115, 157, 132, 163, 132, 111, 26, 11, 84, 162, 83, 76, 84, 52, 62, 22, 36, 73, 91, 140, 99, 133, 63, 95, 74, 122, 107, 100, 149, 93, 109, 177, 126, 68, 65, 71, 26, 111, 80, 77, 55, 70, 163, 173, 60, 30, 92, 117, 83, 25, 149, 71, 126, 52, 72, 138, 114, 67, 82, 81, 142, 114, 85, 151, 87, 87, 75, 141, 45, 86, 95, 70, 85, 81, 91, 60, 108, 120, 64, 72, 148, 82, 53, 54, 65, 79, 96, 87, 137, 57, 70, 69, 117, 89, 62, 79, 127, 139, 88, 63, 94, 121, 96, 53, 65, 18, 102, 102, 72, 150, 47, 146, 127, 119, 30, 89, 74, 128, 27, 39, 54, 75, 65, 41, 71, 18, 66, 90, 15, 133, 48, 82, 49, 123, 113, 76, 54, 119, 53, 41, 76, 112, 144, 97, 74, 77, 71, 82, 149, 158, 66, 136, 34, 137, 104, 8, 116, 84, 78, 35, 81, 143, 137, 36, 81, 145, 152, 117, 54, 71, 120, 109, 122, 76, |
	130, 16, 73, 82, 68, 132, 0, 145, 89, 80, 88, 83, 76, 10, 78, 131, 45, 41, 123, 79, 106, 115, 42, 107, 34, 39, 27, 94, 70, 50, 143, 83, 86, 25, 67, 47, 77, 207, 100, 42, 199, 80, 30, 145, 180, 76, 25, 123, 29, 64, 95, 67, 105, 41, 80, 37, 108, 85, 50, 105, 71, 52, 50, 54, 73, 102, 61, 24, 45, 77, 61, 32, 106, 120, 86, 29, 49, 208, 47, 79, 69, 132, 95, 92, 40, 105, 33, 67, 195, 98, 82, 76, 239, 102, 17, 120, 26, 45, 33, 63, 67, 61, 116, 147, 51, 55, 76, 61, 68, 41, 71, 101, 40, 119, 53, 111, 151, 60, 56, 104, 60, 26, 24, 90, 58, 79, 33, 17, 87, 19, 89, 44, 60, 9, 86, 45, 37, 61, 47, 50, 41, 75, 37, 48, 67, 59, 16, 49, 116, 109, 66, 76, 35, 89, 76, 74, 73, 69, 90, 104, 88, 53, 49, 65, 43, 68, 134, 124, 68, 78, 66, 123, 68, 30, 59, 58, 84, 61, 32, 122, 101, 42, 58, 131, 104, 139, 77, 56, 100, 90, 104, 113, 79, 93, 132, 41, 84, 49, 181, 125, 22, 55, 79, 22, 79, 90, 56, 20, 147, 65, 77, 55, 60, 56, 22, 33, 66, 32, 166, 105, 28, 129, 119, 112, 54, 139, 50, 146, 35, 96, 53, 13, 37, 50, 77, 60, 31, 41, 25, 55, |
	98, 161, 71, 92, 77, 30, 145, 0, 55, 65, 57, 61, 69, 139, 85, 98, 145, 116, 90, 66, 73, 117, 144, 38, 117, 143, 156, 51, 74, 95, 83, 61, 59, 136, 77, 115, 67, 62, 92, 168, 53, 86, 132, 46, 35, 190, 171, 90, 115, 145, 88, 212, 68, 115, 65, 108, 75, 145, 95, 42, 99, 92, 146, 91, 118, 42, 128, 170, 145, 176, 145, 124, 39, 28, 72, 175, 96, 63, 97, 65, 75, 13, 49, 52, 104, 153, 112, 146, 50, 99, 62, 135, 94, 97, 162, 63, 122, 190, 139, 81, 78, 84, 57, 80, 93, 90, 68, 83, 176, 186, 73, 44, 105, 86, 96, 34, 118, 84, 139, 82, 85, 151, 127, 55, 95, 112, 155, 127, 92, 164, 64, 100, 88, 155, 58, 99, 108, 83, 98, 94, 104, 70, 121, 133, 77, 85, 161, 95, 29, 36, 78, 109, 109, 80, 150, 70, 77, 82, 130, 59, 57, 92, 140, 152, 101, 76, 124, 91, 109, 66, 78, 21, 116, 115, 85, 163, 60, 159, 140, 89, 43, 102, 87, 98, 40, 69, 67, 89, 44, 54, 101, 38, 66, 70, 15, 146, 61, 95, 36, 93, 126, 89, 65, 132, 66, 54, 89, 125, 114, 110, 84, 90, 84, 95, 162, 171, 79, 149, 63, 150, 117, 38, 92, 54, 91, 5, 94, 149, 150, 49, 94, 158, 165, 130, 67, 84, 133, 122, 135, 89, |
	125, 105, 15, 76, 21, 42, 89, 55, 0, 14, 64, 5, 22, 83, 73, 126, 89, 60, 118, 42, 100, 109, 88, 17, 61, 87, 100, 26, 40, 39, 55, 5, 78, 80, 32, 59, 19, 118, 95, 113, 109, 59, 76, 73, 91, 134, 115, 117, 59, 89, 89, 156, 41, 59, 49, 52, 102, 89, 43, 70, 65, 36, 90, 35, 67, 13, 72, 114, 89, 120, 89, 68, 16, 31, 81, 119, 40, 119, 41, 41, 52, 42, 22, 69, 48, 99, 56, 90, 105, 92, 71, 79, 150, 97, 106, 90, 66, 134, 83, 25, 30, 49, 30, 108, 37, 34, 22, 27, 120, 130, 23, 17, 49, 114, 47, 22, 145, 28, 83, 55, 29, 95, 71, 64, 52, 85, 99, 71, 82, 108, 84, 44, 55, 99, 31, 43, 52, 39, 42, 38, 48, 56, 65, 77, 21, 29, 105, 39, 50, 51, 39, 82, 53, 84, 94, 27, 67, 63, 84, 86, 59, 36, 84, 96, 45, 20, 97, 118, 73, 10, 42, 34, 63, 59, 30, 107, 40, 103, 84, 116, 18, 47, 42, 125, 15, 50, 41, 37, 62, 3, 74, 24, 63, 87, 43, 90, 40, 39, 92, 120, 70, 34, 51, 76, 19, 3, 33, 69, 141, 59, 71, 34, 29, 51, 106, 115, 46, 93, 77, 99, 61, 40, 113, 81, 35, 50, 38, 140, 94, 27, 48, 102, 109, 74, 41, 56, 78, 67, 79, 33, |
	139, 96, 6, 90, 18, 52, 80, 65, 14, 0, 79, 11, 8, 74, 87, 140, 80, 50, 132, 56, 114, 124, 79, 27, 52, 78, 91, 41, 55, 29, 63, 12, 92, 71, 47, 56, 34, 127, 109, 103, 119, 45, 66, 87, 100, 124, 105, 131, 50, 80, 103, 147, 26, 50, 63, 43, 116, 93, 58, 84, 79, 27, 80, 25, 82, 22, 70, 105, 80, 111, 79, 58, 26, 40, 95, 109, 31, 128, 45, 55, 66, 52, 36, 84, 39, 114, 46, 81, 115, 106, 85, 84, 159, 111, 97, 104, 56, 125, 74, 39, 45, 63, 36, 122, 50, 24, 7, 18, 110, 121, 9, 21, 40, 128, 62, 37, 160, 19, 74, 40, 32, 85, 62, 78, 67, 70, 90, 62, 96, 99, 98, 43, 69, 89, 45, 34, 42, 24, 32, 29, 46, 71, 56, 68, 12, 20, 96, 53, 65, 65, 53, 68, 44, 98, 85, 12, 81, 77, 99, 100, 73, 28, 75, 87, 52, 20, 83, 133, 59, 17, 28, 43, 77, 50, 20, 97, 55, 94, 75, 131, 33, 37, 57, 139, 24, 59, 55, 52, 77, 17, 60, 33, 77, 102, 52, 81, 54, 30, 101, 134, 61, 24, 65, 66, 5, 11, 28, 59, 156, 73, 85, 35, 43, 65, 97, 105, 61, 83, 86, 113, 51, 49, 127, 95, 31, 59, 49, 154, 85, 41, 62, 93, 100, 64, 56, 42, 68, 57, 70, 42, |
	60, 104, 76, 35, 60, 67, 88, 57, 64, 79, 0, 67, 87, 82, 27, 61, 88, 58, 53, 22, 35, 60, 87, 66, 105, 86, 99, 38, 24, 49, 120, 66, 13, 79, 31, 58, 44, 119, 35, 111, 111, 124, 75, 57, 92, 132, 113, 52, 69, 88, 31, 155, 105, 58, 15, 51, 37, 88, 38, 16, 42, 69, 89, 58, 61, 65, 71, 113, 116, 119, 88, 67, 65, 65, 16, 118, 63, 120, 40, 23, 18, 44, 42, 5, 47, 96, 73, 89, 107, 42, 6, 78, 151, 40, 105, 32, 96, 133, 82, 40, 34, 27, 94, 58, 36, 56, 86, 71, 118, 129, 88, 81, 71, 49, 39, 42, 81, 69, 82, 120, 46, 94, 70, 1, 38, 149, 98, 70, 35, 107, 19, 43, 31, 97, 33, 73, 60, 103, 81, 91, 46, 13, 64, 76, 70, 70, 104, 38, 28, 20, 25, 147, 52, 23, 93, 92, 20, 25, 73, 21, 5, 50, 83, 95, 44, 58, 162, 53, 138, 61, 107, 49, 58, 62, 78, 106, 23, 102, 83, 51, 45, 52, 30, 60, 77, 107, 23, 31, 12, 61, 139, 76, 8, 22, 52, 89, 24, 59, 93, 55, 69, 59, 13, 75, 84, 67, 50, 68, 76, 53, 27, 43, 35, 38, 105, 114, 22, 92, 100, 93, 59, 76, 48, 24, 47, 51, 37, 92, 93, 37, 37, 101, 108, 120, 23, 121, 76, 65, 78, 36, |
	128, 99, 9, 79, 15, 48, 83, 61, 5, 11, 67, 0, 19, 77, 75, 128, 83, 54, 120, 45, 103, 112, 82, 23, 55, 81, 94, 29, 43, 33, 59, 1, 81, 74, 35, 53, 22, 124, 97, 107, 115, 56, 70, 76, 97, 128, 109, 120, 53, 83, 92, 150, 38, 53, 52, 46, 105, 83, 46, 72, 68, 30, 84, 29, 70, 19, 66, 108, 83, 114, 83, 62, 22, 37, 83, 113, 34, 125, 35, 44, 55, 48, 24, 72, 42, 102, 50, 84, 111, 95, 74, 73, 156, 100, 100, 93, 60, 128, 77, 27, 33, 51, 33, 110, 38, 28, 19, 21, 114, 124, 20, 18, 43, 116, 50, 27, 148, 22, 77, 52, 23, 89, 65, 67, 55, 82, 93, 65, 84, 102, 87, 38, 57, 93, 34, 37, 46, 36, 36, 32, 42, 59, 59, 71, 15, 23, 99, 41, 53, 54, 42, 79, 47, 86, 88, 24, 70, 66, 87, 89, 61, 30, 78, 90, 40, 14, 94, 121, 70, 5, 39, 40, 65, 53, 24, 101, 43, 97, 78, 119, 21, 41, 45, 128, 21, 56, 43, 40, 65, 7, 71, 30, 65, 90, 49, 84, 42, 33, 98, 123, 64, 28, 54, 70, 16, 7, 27, 63, 144, 62, 74, 28, 31, 53, 100, 109, 49, 87, 83, 102, 55, 46, 116, 84, 29, 56, 37, 143, 88, 30, 51, 96, 103, 68, 44, 53, 72, 61, 73, 31, |
	147, 92, 10, 99, 26, 56, 76, 69, 22, 8, 87, 19, 0, 70, 95, 148, 76, 59, 140, 65, 123, 132, 75, 31, 48, 74, 87, 49, 63, 37, 67, 21, 101, 67, 55, 65, 42, 131, 117, 99, 123, 36, 62, 96, 104, 120, 101, 140, 46, 81, 112, 143, 29, 59, 72, 52, 125, 102, 66, 92, 88, 23, 76, 29, 90, 26, 78, 101, 76, 107, 78, 54, 30, 44, 103, 105, 27, 132, 54, 64, 75, 56, 44, 92, 42, 122, 42, 84, 119, 115, 94, 93, 163, 120, 93, 113, 52, 121, 70, 47, 53, 71, 40, 130, 58, 31, 0, 15, 106, 117, 4, 25, 36, 136, 70, 45, 168, 17, 73, 32, 41, 81, 58, 87, 75, 62, 86, 58, 104, 95, 107, 52, 77, 85, 54, 30, 38, 16, 28, 25, 55, 79, 54, 65, 16, 17, 92, 61, 73, 74, 62, 59, 52, 106, 93, 4, 90, 86, 107, 109, 81, 36, 71, 83, 60, 28, 74, 141, 50, 25, 19, 47, 85, 46, 16, 93, 63, 89, 71, 139, 41, 34, 65, 148, 28, 63, 63, 60, 85, 25, 51, 37, 85, 110, 56, 77, 62, 28, 105, 143, 57, 28, 74, 62, 3, 19, 36, 55, 164, 82, 94, 44, 51, 73, 93, 101, 69, 79, 90, 122, 47, 53, 136, 104, 40, 63, 57, 163, 81, 50, 71, 89, 96, 60, 64, 33, 64, 58, 66, 51, |
	120, 22, 67, 71, 62, 126, 10, 139, 83, 74, 82, 77, 70, 0, 67, 120, 34, 31, 112, 73, 100, 104, 32, 101, 45, 28, 17, 88, 64, 44, 137, 77, 80, 14, 61, 37, 71, 201, 89, 31, 193, 75, 20, 139, 174, 65, 31, 112, 23, 53, 84, 73, 99, 31, 74, 31, 97, 74, 44, 99, 60, 46, 39, 48, 62, 96, 50, 30, 56, 66, 50, 21, 100, 114, 75, 35, 43, 202, 41, 73, 63, 126, 89, 86, 34, 94, 27, 56, 189, 87, 76, 65, 233, 92, 23, 114, 36, 51, 22, 57, 61, 55, 110, 141, 45, 49, 70, 55, 57, 47, 65, 96, 34, 108, 42, 105, 140, 54, 45, 98, 54, 16, 13, 84, 47, 90, 22, 12, 76, 25, 79, 38, 50, 15, 80, 39, 31, 55, 41, 44, 35, 69, 26, 37, 61, 53, 22, 43, 110, 103, 60, 87, 29, 78, 65, 68, 62, 58, 79, 98, 82, 47, 39, 54, 37, 62, 128, 113, 78, 72, 60, 117, 57, 24, 53, 47, 78, 50, 22, 111, 96, 36, 52, 120, 98, 133, 71, 50, 94, 84, 98, 107, 73, 82, 126, 30, 78, 43, 175, 115, 13, 49, 73, 11, 73, 85, 50, 14, 136, 54, 66, 49, 54, 45, 23, 31, 60, 21, 160, 94, 22, 123, 108, 106, 48, 133, 44, 135, 24, 90, 45, 19, 27, 60, 71, 61, 21, 30, 15, 49, |
	52, 76, 85, 7, 68, 76, 78, 85, 73, 87, 27, 75, 95, 67, 0, 53, 60, 36, 44, 30, 46, 36, 59, 74, 113, 58, 71, 46, 32, 58, 129, 74, 25, 53, 40, 30, 53, 147, 22, 83, 138, 132, 47, 85, 120, 104, 85, 47, 77, 60, 16, 127, 114, 36, 23, 43, 36, 60, 29, 44, 14, 78, 61, 66, 33, 73, 43, 85, 124, 91, 60, 46, 73, 74, 12, 90, 72, 148, 41, 31, 20, 71, 51, 32, 53, 68, 81, 61, 135, 19, 22, 50, 179, 24, 85, 59, 104, 105, 54, 48, 42, 24, 103, 86, 37, 64, 95, 80, 90, 101, 96, 90, 79, 40, 25, 50, 72, 78, 54, 128, 54, 66, 54, 29, 20, 158, 70, 77, 8, 81, 21, 43, 18, 71, 41, 82, 69, 112, 89, 99, 40, 16, 41, 48, 79, 78, 76, 34, 55, 48, 33, 155, 43, 10, 65, 100, 7, 9, 45, 43, 27, 58, 55, 67, 34, 67, 170, 57, 146, 70, 115, 63, 30, 70, 86, 78, 32, 74, 55, 43, 54, 61, 30, 52, 85, 115, 32, 35, 40, 69, 147, 84, 19, 14, 72, 61, 33, 67, 121, 47, 55, 67, 21, 56, 92, 76, 58, 76, 68, 25, 1, 51, 44, 21, 77, 86, 26, 64, 109, 65, 50, 84, 40, 52, 55, 79, 38, 67, 65, 45, 24, 73, 80, 128, 31, 129, 48, 37, 52, 44, |
	5, 116, 138, 49, 121, 129, 131, 98, 126, 140, 61, 128, 148, 120, 53, 0, 86, 89, 8, 83, 38, 40, 88, 127, 166, 92, 104, 99, 85, 111, 182, 127, 47, 106, 93, 83, 106, 146, 30, 92, 130, 185, 100, 77, 113, 113, 115, 39, 130, 68, 36, 135, 167, 89, 76, 96, 28, 68, 82, 56, 60, 131, 81, 119, 58, 127, 70, 122, 177, 99, 70, 99, 126, 127, 45, 133, 125, 140, 94, 84, 73, 106, 104, 56, 106, 76, 134, 69, 148, 33, 54, 58, 170, 28, 138, 51, 157, 145, 98, 101, 95, 77, 156, 78, 90, 117, 148, 133, 99, 128, 149, 143, 132, 18, 78, 103, 19, 131, 75, 181, 107, 104, 107, 61, 73, 211, 98, 130, 44, 134, 41, 96, 71, 124, 94, 135, 122, 165, 142, 152, 93, 69, 94, 83, 132, 131, 118, 87, 75, 74, 86, 208, 96, 42, 73, 153, 58, 62, 53, 39, 67, 111, 81, 75, 88, 120, 223, 49, 199, 123, 168, 110, 63, 123, 139, 86, 85, 82, 98, 9, 107, 114, 83, 40, 138, 168, 85, 88, 63, 123, 200, 137, 62, 38, 114, 90, 86, 120, 119, 5, 108, 120, 74, 109, 145, 129, 111, 129, 29, 66, 54, 104, 97, 74, 109, 98, 79, 99, 162, 73, 103, 137, 16, 44, 108, 94, 91, 72, 96, 98, 77, 119, 93, 181, 84, 182, 99, 90, 105, 97, |
	85, 30, 73, 52, 68, 132, 45, 145, 89, 80, 88, 83, 76, 34, 60, 86, 0, 29, 78, 79, 106, 70, 2, 107, 80, 5, 18, 94, 70, 50, 143, 83, 86, 19, 67, 29, 77, 207, 55, 23, 199, 99, 14, 145, 180, 44, 29, 107, 43, 19, 56, 67, 105, 29, 80, 37, 97, 39, 50, 105, 45, 52, 5, 54, 28, 102, 16, 36, 91, 31, 16, 21, 106, 120, 73, 46, 49, 208, 47, 79, 69, 132, 95, 92, 40, 60, 47, 22, 195, 52, 82, 30, 239, 57, 52, 120, 71, 59, 11, 63, 67, 61, 116, 147, 51, 55, 76, 61, 30, 41, 71, 102, 46, 86, 48, 111, 106, 60, 11, 104, 60, 18, 21, 90, 49, 124, 11, 44, 53, 48, 81, 44, 56, 38, 86, 48, 37, 78, 55, 65, 41, 75, 23, 11, 67, 59, 32, 49, 116, 109, 66, 122, 35, 64, 31, 74, 67, 62, 44, 104, 88, 53, 4, 20, 43, 68, 137, 117, 113, 78, 82, 123, 29, 37, 59, 17, 84, 16, 12, 77, 102, 42, 58, 108, 104, 139, 77, 56, 100, 90, 114, 113, 79, 75, 132, 3, 84, 49, 181, 80, 22, 55, 79, 23, 79, 90, 56, 43, 102, 35, 60, 55, 60, 50, 22, 25, 66, 12, 166, 59, 28, 129, 73, 112, 54, 139, 50, 100, 9, 96, 51, 32, 19, 95, 77, 96, 13, 22, 19, 55, |
	88, 45, 48, 40, 38, 102, 41, 116, 60, 50, 58, 54, 59, 31, 36, 89, 29, 0, 81, 49, 77, 73, 28, 77, 76, 27, 40, 64, 41, 21, 113, 54, 56, 20, 38, 6, 48, 178, 58, 52, 169, 95, 16, 116, 151, 74, 55, 81, 40, 29, 53, 96, 77, 0, 50, 7, 67, 43, 20, 75, 29, 41, 30, 29, 31, 73, 19, 54, 87, 60, 29, 9, 76, 91, 44, 59, 35, 179, 18, 50, 40, 102, 66, 63, 16, 63, 44, 30, 166, 56, 53, 34, 210, 60, 48, 90, 67, 74, 23, 34, 37, 31, 87, 117, 22, 27, 58, 43, 60, 70, 60, 72, 42, 77, 19, 81, 109, 41, 23, 91, 30, 35, 17, 60, 20, 121, 39, 41, 45, 48, 51, 15, 27, 39, 57, 45, 32, 75, 52, 62, 11, 45, 5, 17, 42, 41, 45, 20, 86, 79, 37, 118, 6, 47, 34, 63, 38, 33, 48, 74, 58, 23, 24, 36, 14, 39, 133, 88, 109, 49, 78, 94, 26, 33, 49, 47, 55, 43, 24, 80, 72, 24, 28, 89, 75, 110, 48, 26, 71, 61, 110, 84, 49, 51, 103, 30, 54, 30, 152, 84, 18, 30, 50, 19, 55, 61, 26, 39, 105, 23, 35, 25, 31, 20, 46, 55, 36, 33, 137, 63, 13, 100, 77, 82, 24, 110, 21, 104, 34, 66, 21, 42, 49, 91, 48, 92, 17, 6, 19, 26, |
	7, 108, 130, 41, 113, 121, 123, 90, 118, 132, 53, 120, 140, 112, 44, 8, 78, 81, 0, 75, 39, 39, 80, 119, 158, 84, 96, 91, 77, 102, 173, 119, 39, 97, 85, 75, 98, 139, 22, 91, 131, 177, 92, 77, 112, 112, 107, 40, 122, 67, 28, 135, 159, 81, 68, 88, 29, 68, 74, 47, 52, 123, 73, 111, 50, 118, 62, 114, 169, 99, 67, 91, 118, 119, 36, 125, 116, 141, 86, 76, 65, 98, 96, 48, 97, 75, 126, 68, 140, 25, 46, 58, 171, 20, 130, 52, 149, 137, 90, 93, 87, 68, 148, 79, 81, 109, 140, 125, 98, 119, 141, 135, 124, 18, 70, 95, 27, 123, 67, 173, 99, 96, 99, 53, 65, 203, 89, 122, 36, 126, 33, 88, 62, 116, 86, 127, 114, 157, 134, 144, 85, 61, 86, 75, 123, 123, 110, 79, 67, 66, 78, 200, 88, 33, 73, 145, 50, 54, 52, 36, 58, 103, 73, 74, 79, 112, 215, 50, 191, 114, 160, 102, 54, 115, 131, 85, 77, 81, 90, 3, 99, 105, 75, 41, 130, 160, 77, 80, 55, 114, 192, 129, 54, 30, 106, 81, 78, 112, 113, 5, 100, 112, 66, 101, 137, 121, 103, 121, 28, 58, 46, 96, 88, 66, 101, 93, 71, 91, 153, 72, 95, 129, 15, 44, 100, 86, 83, 71, 88, 90, 69, 111, 87, 173, 76, 174, 91, 82, 97, 89, |
	82, 95, 54, 34, 38, 53, 79, 66, 42, 56, 22, 45, 65, 73, 30, 83, 79, 49, 75, 0, 57, 67, 78, 43, 82, 77, 90, 15, 8, 28, 98, 43, 36, 70, 11, 49, 22, 128, 52, 102, 120, 101, 65, 66, 101, 123, 104, 75, 49, 79, 47, 146, 83, 49, 7, 41, 60, 79, 28, 27, 33, 47, 79, 35, 52, 43, 62, 104, 93, 110, 78, 57, 43, 43, 38, 108, 41, 129, 31, 0, 9, 53, 20, 27, 38, 87, 50, 80, 116, 50, 28, 69, 160, 54, 96, 48, 73, 124, 73, 17, 11, 17, 72, 68, 27, 33, 64, 49, 109, 120, 66, 59, 48, 71, 30, 32, 103, 47, 73, 97, 23, 84, 61, 22, 29, 127, 89, 61, 39, 98, 42, 34, 22, 88, 11, 51, 41, 81, 58, 68, 37, 14, 55, 67, 48, 47, 95, 29, 37, 30, 12, 124, 43, 41, 84, 69, 25, 21, 63, 44, 16, 28, 74, 86, 35, 36, 140, 76, 115, 39, 84, 44, 49, 48, 55, 96, 5, 92, 74, 74, 23, 36, 20, 83, 55, 84, 1, 22, 21, 39, 116, 53, 20, 45, 53, 80, 5, 36, 102, 78, 60, 36, 9, 65, 61, 45, 28, 58, 99, 43, 29, 23, 18, 28, 96, 104, 12, 82, 87, 83, 50, 54, 71, 39, 25, 60, 28, 98, 84, 17, 27, 92, 98, 97, 1, 98, 67, 56, 69, 23, |
	32, 122, 112, 53, 96, 103, 106, 73, 100, 114, 35, 103, 123, 100, 46, 38, 106, 77, 39, 57, 0, 78, 105, 101, 140, 105, 118, 73, 59, 85, 156, 101, 21, 97, 67, 77, 80, 120, 54, 130, 94, 159, 93, 38, 87, 151, 132, 17, 104, 106, 50, 174, 141, 76, 50, 70, 9, 107, 56, 30, 61, 105, 107, 93, 79, 101, 89, 131, 151, 138, 106, 85, 101, 101, 33, 136, 99, 102, 68, 58, 47, 80, 78, 30, 80, 114, 108, 107, 122, 61, 28, 97, 132, 58, 123, 13, 131, 151, 101, 75, 69, 51, 130, 40, 64, 91, 122, 107, 137, 148, 124, 117, 106, 20, 58, 77, 52, 105, 100, 155, 81, 112, 89, 35, 57, 185, 116, 104, 53, 125, 25, 70, 50, 116, 68, 109, 96, 139, 116, 126, 67, 43, 83, 94, 106, 105, 123, 61, 49, 48, 60, 182, 71, 42, 112, 127, 38, 44, 91, 13, 41, 86, 101, 113, 62, 94, 197, 18, 173, 97, 142, 84, 77, 97, 113, 124, 59, 120, 101, 42, 81, 88, 57, 25, 112, 142, 59, 62, 37, 97, 174, 111, 37, 31, 88, 108, 60, 94, 93, 33, 87, 94, 48, 93, 119, 103, 86, 103, 67, 71, 46, 78, 71, 56, 124, 132, 53, 110, 136, 111, 78, 112, 54, 18, 83, 68, 65, 110, 111, 72, 55, 119, 126, 155, 58, 156, 95, 84, 97, 71, |
	46, 100, 122, 33, 105, 113, 115, 117, 109, 124, 60, 112, 132, 104, 36, 40, 70, 73, 39, 67, 78, 0, 72, 111, 150, 76, 88, 83, 69, 94, 165, 111, 58, 89, 77, 67, 89, 179, 24, 73, 171, 169, 84, 117, 152, 72, 99, 80, 114, 51, 28, 95, 150, 73, 60, 80, 69, 30, 66, 77, 44, 114, 65, 103, 42, 110, 53, 106, 161, 59, 54, 83, 110, 110, 45, 117, 108, 181, 78, 68, 57, 104, 87, 64, 89, 35, 118, 48, 167, 17, 54, 39, 211, 20, 122, 92, 141, 129, 81, 85, 79, 60, 139, 119, 73, 101, 132, 116, 58, 111, 133, 126, 116, 58, 62, 87, 36, 115, 58, 165, 91, 88, 91, 62, 57, 195, 81, 114, 27, 118, 53, 80, 54, 108, 78, 118, 105, 149, 126, 136, 77, 52, 77, 66, 115, 115, 102, 70, 88, 81, 70, 192, 79, 36, 38, 137, 42, 46, 25, 76, 60, 95, 65, 50, 71, 103, 207, 90, 183, 106, 152, 95, 46, 107, 123, 56, 69, 54, 82, 36, 90, 97, 67, 81, 122, 152, 68, 71, 72, 106, 184, 121, 51, 47, 104, 73, 69, 104, 153, 45, 92, 104, 58, 93, 129, 112, 95, 113, 31, 50, 38, 88, 80, 58, 92, 82, 62, 82, 145, 32, 87, 121, 24, 84, 92, 112, 74, 31, 80, 82, 61, 103, 77, 165, 68, 166, 83, 73, 89, 81, |
	87, 28, 72, 51, 67, 131, 42, 144, 88, 79, 87, 82, 75, 32, 59, 88, 2, 28, 80, 78, 105, 72, 0, 106, 77, 3, 15, 93, 69, 49, 142, 82, 85, 17, 66, 28, 76, 206, 57, 24, 198, 96, 12, 144, 179, 45, 26, 106, 41, 21, 55, 68, 104, 28, 79, 36, 96, 42, 49, 104, 44, 51, 7, 53, 30, 101, 18, 34, 88, 34, 18, 20, 105, 119, 72, 44, 48, 207, 46, 78, 68, 131, 94, 91, 39, 62, 45, 24, 194, 55, 81, 33, 238, 59, 49, 119, 68, 57, 9, 62, 66, 60, 115, 146, 50, 54, 75, 60, 31, 42, 70, 101, 43, 85, 47, 110, 108, 59, 13, 103, 59, 15, 18, 89, 48, 122, 11, 42, 52, 45, 80, 43, 55, 35, 85, 46, 36, 76, 53, 63, 40, 74, 22, 10, 66, 58, 29, 48, 115, 108, 65, 119, 34, 63, 33, 73, 66, 61, 47, 103, 87, 52, 7, 22, 42, 67, 134, 116, 110, 77, 79, 122, 28, 34, 58, 18, 83, 18, 9, 79, 101, 41, 57, 107, 103, 138, 76, 55, 99, 89, 111, 112, 78, 74, 131, 2, 83, 48, 180, 83, 19, 54, 78, 20, 78, 89, 55, 40, 104, 34, 59, 54, 59, 49, 20, 26, 65, 10, 165, 62, 27, 128, 76, 111, 53, 138, 49, 103, 7, 95, 50, 30, 20, 92, 76, 93, 10, 21, 16, 54, |
	126, 123, 33, 77, 38, 25, 107, 38, 17, 27, 66, 23, 31, 101, 74, 127, 107, 77, 119, 43, 101, 111, 106, 0, 79, 105, 118, 28, 42, 56, 54, 23, 80, 98, 39, 77, 29, 100, 96, 130, 92, 58, 94, 74, 73, 151, 132, 119, 77, 107, 90, 174, 39, 77, 51, 70, 103, 107, 56, 71, 67, 54, 108, 52, 80, 4, 90, 132, 107, 138, 107, 86, 0, 13, 82, 137, 58, 101, 59, 43, 53, 24, 23, 71, 66, 115, 74, 108, 88, 94, 72, 97, 132, 98, 124, 92, 84, 152, 101, 43, 39, 50, 28, 109, 55, 51, 30, 45, 137, 148, 35, 15, 67, 115, 58, 24, 147, 46, 101, 53, 46, 113, 89, 65, 57, 83, 117, 89, 83, 126, 85, 62, 56, 116, 32, 61, 70, 45, 59, 56, 65, 58, 83, 95, 39, 47, 123, 57, 52, 53, 40, 80, 71, 85, 112, 32, 69, 65, 92, 87, 60, 54, 102, 114, 63, 38, 96, 120, 72, 28, 40, 17, 77, 77, 47, 124, 42, 121, 102, 118, 20, 64, 48, 127, 11, 41, 42, 50, 64, 16, 73, 9, 64, 89, 25, 108, 41, 57, 74, 121, 88, 51, 53, 93, 27, 16, 50, 87, 143, 71, 72, 52, 46, 57, 124, 132, 48, 110, 59, 111, 78, 22, 115, 82, 52, 33, 56, 141, 112, 29, 55, 120, 127, 92, 43, 55, 95, 84, 97, 51, |
	165, 49, 45, 116, 44, 104, 34, 117, 61, 52, 105, 55, 48, 45, 113, 166, 80, 76, 158, 82, 140, 150, 77, 79, 0, 74, 61, 67, 81, 55, 115, 55, 119, 60, 73, 82, 60, 179, 135, 77, 171, 53, 65, 117, 152, 111, 53, 158, 36, 99, 129, 95, 77, 76, 90, 70, 142, 120, 84, 110, 106, 35, 85, 47, 108, 74, 96, 52, 28, 111, 96, 67, 78, 92, 121, 57, 41, 180, 72, 82, 92, 104, 67, 110, 60, 140, 32, 102, 167, 133, 111, 111, 211, 137, 45, 131, 8, 73, 68, 65, 71, 89, 88, 148, 76, 49, 48, 33, 103, 69, 43, 74, 33, 154, 88, 83, 186, 35, 91, 76, 58, 61, 59, 104, 93, 44, 68, 35, 122, 47, 124, 70, 95, 41, 71, 31, 44, 34, 24, 22, 73, 97, 72, 83, 40, 34, 48, 79, 91, 92, 79, 43, 70, 124, 111, 46, 108, 104, 125, 126, 99, 54, 84, 100, 78, 46, 106, 159, 33, 51, 38, 95, 103, 42, 31, 93, 81, 96, 67, 157, 74, 52, 83, 166, 76, 111, 81, 78, 103, 62, 76, 85, 103, 128, 104, 76, 80, 45, 153, 160, 57, 46, 92, 56, 51, 63, 54, 36, 182, 100, 111, 61, 69, 91, 57, 68, 87, 67, 139, 139, 63, 101, 154, 121, 57, 112, 75, 180, 70, 68, 88, 47, 72, 15, 82, 32, 66, 76, 60, 69, |
	91, 24, 71, 51, 66, 130, 39, 143, 87, 78, 86, 81, 74, 28, 58, 92, 5, 27, 84, 77, 105, 76, 3, 105, 74, 0, 12, 92, 68, 48, 141, 81, 84, 13, 66, 28, 76, 206, 61, 25, 197, 93, 11, 144, 179, 46, 27, 106, 38, 24, 55, 69, 103, 28, 78, 35, 95, 45, 48, 103, 43, 50, 10, 52, 33, 101, 22, 30, 85, 37, 21, 19, 104, 118, 71, 41, 47, 207, 45, 77, 68, 130, 93, 90, 38, 66, 42, 27, 193, 58, 80, 36, 237, 63, 46, 118, 65, 53, 5, 62, 65, 59, 115, 145, 50, 53, 75, 59, 32, 42, 70, 100, 40, 84, 46, 109, 112, 59, 17, 102, 58, 12, 16, 88, 48, 118, 11, 38, 51, 42, 79, 43, 55, 32, 85, 44, 35, 72, 50, 60, 39, 73, 21, 10, 66, 57, 26, 48, 114, 107, 65, 116, 34, 63, 37, 72, 66, 60, 50, 102, 86, 51, 10, 25, 42, 67, 132, 116, 107, 77, 76, 121, 29, 31, 57, 19, 83, 21, 6, 82, 100, 40, 56, 107, 102, 138, 75, 54, 99, 89, 108, 111, 77, 73, 131, 2, 82, 48, 179, 86, 17, 53, 77, 17, 77, 89, 54, 37, 107, 33, 58, 53, 58, 48, 18, 27, 64, 6, 165, 65, 26, 127, 79, 110, 52, 138, 48, 106, 6, 94, 49, 27, 21, 89, 76, 90, 9, 20, 13, 54, |
	103, 12, 84, 64, 79, 143, 27, 156, 100, 91, 99, 94, 87, 17, 71, 104, 18, 40, 96, 90, 118, 88, 15, 118, 61, 12, 0, 105, 81, 61, 154, 94, 97, 20, 79, 41, 89, 219, 73, 15, 210, 92, 24, 157, 191, 49, 14, 119, 41, 37, 68, 56, 116, 41, 91, 48, 108, 58, 61, 116, 56, 63, 23, 65, 46, 114, 34, 18, 72, 49, 34, 32, 117, 131, 84, 28, 60, 220, 58, 90, 81, 143, 106, 103, 51, 78, 44, 40, 206, 71, 93, 49, 250, 75, 33, 131, 53, 41, 16, 74, 78, 72, 127, 158, 63, 66, 88, 72, 41, 30, 83, 113, 51, 97, 59, 122, 124, 72, 29, 115, 71, 5, 29, 101, 60, 106, 6, 29, 64, 29, 92, 56, 68, 20, 98, 56, 48, 73, 58, 62, 52, 86, 34, 23, 79, 70, 13, 61, 127, 120, 78, 103, 46, 76, 49, 85, 79, 73, 63, 115, 99, 64, 22, 38, 55, 80, 145, 129, 95, 90, 77, 134, 41, 41, 70, 31, 95, 34, 16, 95, 113, 53, 69, 120, 115, 150, 88, 67, 112, 102, 115, 124, 90, 86, 143, 14, 95, 61, 192, 98, 30, 66, 90, 24, 90, 102, 67, 31, 120, 46, 71, 66, 71, 61, 5, 14, 77, 7, 178, 77, 39, 140, 92, 123, 65, 151, 61, 118, 8, 107, 62, 14, 10, 77, 89, 78, 22, 33, 20, 67, |
	98, 110, 38, 49, 26, 38, 94, 51, 26, 41, 38, 29, 49, 88, 46, 99, 94, 64, 91, 15, 73, 83, 93, 28, 67, 92, 105, 0, 23, 44, 82, 28, 51, 85, 26, 64, 16, 113, 68, 117, 104, 86, 81, 51, 86, 139, 120, 90, 64, 94, 62, 161, 67, 64, 22, 57, 75, 94, 44, 43, 48, 41, 95, 40, 67, 27, 77, 119, 94, 125, 94, 73, 27, 27, 54, 124, 45, 114, 46, 14, 25, 37, 4, 43, 53, 102, 61, 95, 101, 65, 44, 84, 145, 70, 111, 63, 71, 139, 88, 30, 27, 33, 56, 81, 42, 39, 48, 33, 125, 135, 50, 43, 54, 87, 45, 16, 119, 33, 88, 81, 34, 100, 76, 37, 44, 111, 104, 76, 55, 113, 57, 49, 37, 103, 7, 48, 57, 65, 47, 53, 53, 30, 70, 82, 32, 34, 110, 44, 24, 24, 27, 109, 58, 57, 99, 53, 40, 36, 79, 59, 32, 41, 89, 101, 50, 25, 124, 91, 100, 23, 69, 29, 64, 64, 40, 112, 14, 108, 89, 90, 7, 51, 36, 98, 39, 69, 16, 37, 36, 23, 101, 38, 36, 60, 38, 95, 13, 44, 87, 93, 75, 38, 24, 81, 46, 29, 38, 74, 115, 59, 44, 39, 33, 44, 111, 120, 28, 98, 72, 99, 66, 38, 86, 54, 40, 45, 43, 113, 99, 1, 43, 107, 114, 82, 16, 83, 82, 71, 84, 38, |
	84, 86, 52, 35, 36, 61, 70, 74, 40, 55, 24, 43, 63, 64, 32, 85, 70, 41, 77, 8, 59, 69, 69, 42, 81, 68, 81, 23, 0, 25, 96, 42, 37, 61, 7, 40, 20, 137, 54, 94, 128, 100, 57, 75, 110, 115, 96, 76, 45, 70, 48, 137, 81, 40, 9, 33, 61, 70, 20, 34, 25, 45, 71, 34, 43, 41, 53, 95, 92, 101, 70, 49, 41, 49, 40, 100, 39, 138, 23, 9, 11, 61, 25, 29, 29, 78, 49, 71, 124, 51, 30, 60, 168, 56, 87, 49, 72, 115, 64, 16, 10, 9, 70, 76, 18, 32, 62, 47, 101, 111, 64, 57, 47, 73, 21, 40, 105, 45, 64, 95, 22, 76, 52, 23, 20, 125, 80, 52, 41, 89, 43, 25, 14, 80, 16, 49, 36, 79, 57, 67, 29, 16, 47, 58, 46, 46, 86, 20, 45, 38, 3, 123, 34, 43, 75, 67, 26, 22, 55, 45, 18, 26, 65, 77, 26, 34, 138, 77, 114, 37, 83, 52, 41, 40, 54, 88, 14, 84, 65, 75, 31, 28, 12, 84, 53, 83, 6, 14, 30, 37, 115, 52, 22, 46, 62, 71, 13, 35, 110, 79, 51, 35, 10, 57, 60, 43, 26, 50, 101, 35, 30, 19, 11, 20, 87, 96, 6, 74, 96, 75, 42, 59, 72, 41, 23, 69, 19, 99, 75, 25, 19, 83, 90, 96, 7, 97, 59, 48, 60, 14, |
	110, 66, 27, 61, 18, 82, 50, 95, 39, 29, 49, 33, 37, 44, 58, 111, 50, 21, 102, 28, 85, 94, 49, 56, 55, 48, 61, 44, 25, 0, 93, 33, 63, 41, 17, 27, 27, 157, 80, 73, 149, 74, 37, 95, 130, 94, 75, 102, 20, 50, 74, 117, 56, 21, 34, 14, 87, 64, 28, 55, 50, 20, 51, 8, 52, 52, 40, 75, 66, 81, 50, 29, 56, 70, 66, 80, 14, 158, 16, 29, 37, 81, 45, 54, 9, 84, 23, 51, 145, 77, 56, 55, 189, 82, 67, 75, 46, 95, 44, 13, 17, 34, 66, 97, 20, 6, 37, 22, 80, 91, 38, 51, 21, 98, 32, 60, 130, 20, 44, 70, 10, 56, 32, 49, 37, 100, 60, 32, 66, 69, 69, 14, 40, 59, 36, 24, 13, 54, 31, 41, 17, 41, 26, 38, 20, 20, 66, 23, 66, 58, 24, 97, 14, 68, 56, 42, 52, 48, 69, 71, 44, 2, 45, 57, 23, 18, 112, 103, 88, 28, 57, 73, 48, 20, 28, 67, 34, 64, 45, 101, 51, 7, 27, 110, 54, 89, 27, 22, 50, 40, 89, 63, 48, 72, 82, 51, 34, 9, 131, 105, 31, 9, 36, 36, 34, 40, 6, 30, 126, 44, 56, 6, 14, 36, 67, 75, 31, 54, 116, 84, 21, 79, 98, 66, 4, 89, 19, 125, 55, 46, 33, 63, 70, 70, 27, 71, 38, 27, 40, 13, |
	181, 159, 69, 132, 74, 52, 143, 83, 55, 63, 120, 59, 67, 137, 129, 182, 143, 113, 173, 98, 156, 165, 142, 54, 115, 141, 154, 82, 96, 93, 0, 59, 134, 134, 88, 113, 75, 64, 151, 166, 61, 62, 130, 129, 68, 187, 168, 173, 113, 143, 145, 210, 37, 113, 105, 106, 158, 143, 99, 126, 121, 90, 144, 88, 123, 55, 126, 168, 143, 174, 143, 122, 55, 54, 137, 173, 94, 92, 95, 97, 108, 75, 77, 125, 102, 155, 110, 144, 52, 148, 127, 133, 96, 153, 160, 146, 120, 188, 137, 80, 86, 105, 26, 163, 91, 88, 66, 81, 173, 184, 71, 41, 103, 170, 103, 78, 201, 82, 137, 38, 83, 149, 125, 120, 108, 70, 153, 125, 137, 162, 140, 98, 111, 152, 87, 97, 106, 81, 95, 92, 101, 112, 119, 131, 75, 83, 159, 94, 106, 107, 95, 71, 107, 139, 148, 68, 123, 119, 140, 142, 115, 90, 138, 150, 99, 74, 41, 174, 107, 64, 76, 71, 119, 113, 83, 161, 96, 157, 138, 172, 74, 100, 98, 181, 43, 13, 96, 93, 118, 59, 38, 44, 119, 143, 67, 144, 95, 93, 62, 176, 124, 87, 107, 130, 63, 52, 86, 123, 197, 115, 127, 88, 85, 107, 160, 169, 102, 147, 23, 155, 114, 44, 169, 137, 88, 87, 92, 196, 148, 83, 104, 156, 163, 128, 97, 82, 131, 120, 133, 87, |
	126, 99, 10, 78, 15, 48, 83, 61, 5, 12, 66, 1, 21, 77, 74, 127, 83, 54, 119, 43, 101, 111, 82, 23, 55, 81, 94, 28, 42, 33, 59, 0, 80, 74, 34, 53, 21, 124, 96, 107, 115, 57, 70, 75, 97, 128, 109, 119, 53, 83, 91, 150, 39, 53, 51, 46, 104, 83, 45, 71, 67, 30, 84, 29, 69, 19, 66, 108, 83, 114, 83, 62, 22, 37, 82, 113, 34, 125, 36, 43, 53, 48, 23, 71, 42, 101, 50, 84, 111, 94, 72, 73, 156, 98, 100, 92, 60, 128, 77, 26, 32, 50, 33, 109, 37, 28, 20, 21, 114, 124, 22, 18, 43, 115, 49, 27, 147, 22, 77, 53, 23, 89, 65, 65, 54, 83, 93, 65, 83, 102, 86, 38, 56, 93, 32, 37, 46, 37, 36, 32, 42, 58, 59, 71, 15, 23, 99, 40, 52, 53, 41, 80, 47, 85, 88, 25, 69, 65, 86, 88, 60, 30, 78, 90, 39, 14, 96, 120, 71, 4, 40, 39, 64, 53, 24, 101, 42, 97, 78, 118, 20, 41, 44, 127, 21, 56, 42, 39, 64, 7, 72, 29, 64, 89, 49, 84, 41, 33, 97, 122, 64, 28, 53, 70, 18, 7, 27, 63, 143, 61, 73, 28, 30, 52, 100, 109, 48, 87, 83, 101, 55, 46, 115, 83, 29, 56, 36, 142, 88, 29, 49, 96, 103, 68, 43, 55, 72, 61, 73, 30, |
	46, 102, 90, 33, 74, 81, 86, 59, 78, 92, 13, 81, 101, 80, 25, 47, 86, 56, 39, 36, 21, 58, 85, 80, 119, 84, 97, 51, 37, 63, 134, 80, 0, 77, 45, 56, 58, 121, 33, 109, 113, 138, 73, 59, 94, 130, 111, 39, 82, 86, 29, 153, 119, 56, 28, 49, 23, 86, 35, 19, 40, 83, 87, 71, 59, 79, 69, 111, 130, 117, 86, 65, 79, 79, 12, 115, 77, 122, 47, 37, 26, 58, 56, 8, 58, 94, 86, 87, 109, 40, 7, 76, 153, 38, 103, 34, 110, 131, 80, 53, 47, 29, 108, 61, 42, 69, 100, 85, 116, 127, 102, 95, 85, 35, 37, 55, 67, 83, 80, 133, 60, 92, 68, 14, 36, 163, 96, 83, 32, 105, 5, 49, 29, 95, 47, 87, 74, 117, 94, 104, 45, 21, 62, 74, 84, 84, 102, 39, 30, 27, 39, 161, 50, 21, 91, 105, 18, 23, 71, 18, 19, 64, 81, 93, 42, 72, 176, 40, 152, 75, 121, 63, 56, 76, 92, 103, 37, 100, 81, 38, 59, 66, 35, 47, 91, 121, 37, 40, 15, 75, 153, 90, 15, 10, 66, 87, 38, 73, 95, 41, 67, 72, 26, 72, 98, 81, 64, 82, 63, 50, 25, 57, 49, 36, 103, 111, 31, 89, 114, 90, 57, 90, 34, 26, 61, 53, 43, 89, 91, 51, 34, 99, 106, 134, 36, 135, 74, 63, 76, 50, |
	105, 25, 64, 56, 59, 123, 25, 136, 80, 71, 79, 74, 67, 14, 53, 106, 19, 20, 97, 70, 97, 89, 17, 98, 60, 13, 20, 85, 61, 41, 134, 74, 77, 0, 58, 22, 68, 198, 75, 32, 190, 79, 5, 136, 171, 53, 34, 98, 24, 38, 69, 76, 96, 20, 71, 28, 88, 59, 41, 96, 45, 43, 24, 45, 47, 93, 35, 33, 71, 51, 35, 12, 97, 111, 64, 38, 40, 199, 38, 70, 60, 123, 86, 83, 31, 79, 28, 41, 186, 72, 73, 50, 230, 77, 32, 111, 51, 54, 7, 54, 58, 52, 107, 138, 42, 46, 67, 52, 42, 50, 62, 93, 31, 93, 39, 102, 125, 51, 30, 95, 51, 14, 8, 81, 40, 105, 19, 24, 61, 28, 72, 35, 47, 18, 77, 36, 28, 59, 38, 46, 32, 66, 14, 22, 58, 50, 25, 40, 107, 100, 57, 102, 26, 63, 51, 65, 59, 53, 64, 95, 79, 44, 24, 39, 34, 59, 125, 108, 93, 69, 62, 114, 43, 21, 50, 32, 75, 35, 7, 96, 93, 33, 49, 105, 95, 130, 68, 47, 91, 81, 95, 104, 70, 67, 123, 16, 75, 40, 172, 100, 10, 46, 70, 4, 70, 82, 47, 23, 121, 39, 51, 46, 51, 41, 26, 34, 57, 12, 157, 79, 19, 120, 93, 103, 45, 130, 41, 120, 13, 87, 42, 22, 28, 75, 68, 76, 6, 15, 0, 46, |
	92, 83, 44, 43, 28, 64, 67, 77, 32, 47, 31, 35, 55, 61, 40, 93, 67, 38, 85, 11, 67, 77, 66, 39, 73, 66, 79, 26, 7, 17, 88, 34, 45, 58, 0, 38, 12, 139, 62, 91, 131, 92, 54, 77, 112, 112, 93, 84, 37, 67, 56, 135, 73, 37, 16, 30, 69, 68, 17, 37, 32, 37, 68, 26, 40, 35, 50, 92, 84, 99, 67, 46, 38, 52, 48, 97, 31, 141, 20, 11, 19, 64, 27, 37, 27, 75, 41, 68, 127, 59, 38, 58, 171, 64, 84, 57, 64, 112, 62, 8, 2, 16, 62, 79, 16, 24, 54, 39, 98, 109, 56, 49, 39, 81, 19, 43, 113, 38, 61, 88, 14, 73, 50, 31, 19, 117, 77, 49, 49, 86, 51, 22, 22, 77, 19, 41, 30, 72, 49, 59, 26, 24, 44, 55, 38, 38, 84, 18, 48, 41, 6, 115, 32, 51, 73, 60, 34, 30, 52, 53, 26, 18, 62, 74, 23, 26, 130, 85, 106, 29, 75, 55, 38, 37, 46, 85, 16, 81, 62, 83, 34, 25, 9, 92, 45, 75, 9, 11, 33, 29, 107, 45, 30, 54, 64, 69, 16, 27, 113, 87, 48, 27, 18, 54, 52, 35, 18, 47, 108, 32, 38, 12, 7, 18, 85, 93, 14, 71, 99, 72, 39, 61, 80, 48, 15, 72, 17, 107, 72, 28, 16, 80, 87, 88, 10, 89, 56, 45, 58, 11, |
	82, 45, 54, 34, 38, 102, 47, 115, 59, 56, 58, 53, 65, 37, 30, 83, 29, 6, 75, 49, 77, 67, 28, 77, 82, 28, 41, 64, 40, 27, 113, 53, 56, 22, 38, 0, 48, 178, 52, 53, 169, 101, 16, 116, 150, 74, 55, 78, 46, 29, 47, 97, 83, 6, 50, 12, 67, 37, 20, 75, 23, 47, 30, 35, 25, 73, 13, 54, 93, 61, 29, 15, 76, 90, 43, 59, 41, 179, 17, 49, 40, 102, 65, 62, 22, 57, 50, 30, 165, 50, 52, 28, 209, 54, 54, 90, 74, 74, 24, 33, 37, 31, 86, 117, 21, 33, 64, 49, 60, 71, 66, 72, 48, 71, 18, 81, 103, 47, 23, 97, 30, 35, 23, 60, 19, 127, 39, 47, 39, 50, 51, 15, 27, 40, 57, 51, 38, 81, 58, 68, 11, 45, 10, 17, 48, 47, 46, 20, 86, 79, 37, 124, 12, 41, 34, 69, 38, 32, 42, 74, 58, 28, 24, 36, 14, 39, 140, 88, 115, 49, 84, 93, 20, 39, 55, 47, 54, 43, 24, 74, 72, 30, 28, 83, 74, 109, 47, 26, 71, 61, 116, 83, 49, 45, 102, 31, 54, 36, 151, 78, 24, 36, 49, 25, 61, 61, 28, 46, 99, 17, 30, 25, 30, 20, 46, 55, 36, 33, 137, 57, 19, 99, 71, 82, 25, 110, 20, 98, 34, 66, 21, 42, 49, 97, 48, 99, 18, 7, 21, 26, |
	105, 94, 32, 56, 15, 54, 77, 67, 19, 34, 44, 22, 42, 71, 53, 106, 77, 48, 98, 22, 80, 89, 76, 29, 60, 76, 89, 16, 20, 27, 75, 21, 58, 68, 12, 48, 0, 129, 75, 101, 121, 79, 64, 67, 102, 122, 103, 97, 48, 77, 69, 145, 60, 47, 29, 40, 82, 78, 27, 50, 45, 25, 78, 23, 50, 24, 61, 102, 78, 109, 77, 56, 28, 42, 61, 107, 28, 130, 30, 21, 32, 54, 17, 50, 37, 85, 44, 78, 117, 72, 51, 68, 161, 77, 95, 70, 54, 123, 72, 14, 10, 29, 50, 88, 26, 22, 42, 26, 108, 119, 43, 36, 37, 94, 29, 33, 125, 25, 72, 75, 17, 83, 60, 44, 32, 105, 88, 59, 62, 97, 64, 33, 35, 87, 11, 32, 40, 59, 36, 46, 36, 37, 54, 66, 25, 25, 94, 28, 38, 31, 19, 102, 42, 64, 83, 47, 47, 43, 64, 66, 39, 24, 73, 84, 33, 13, 117, 98, 93, 16, 62, 45, 48, 47, 33, 95, 20, 91, 72, 96, 24, 35, 22, 105, 32, 62, 21, 21, 42, 16, 94, 35, 43, 67, 54, 79, 20, 28, 103, 100, 58, 22, 31, 64, 39, 22, 21, 57, 121, 42, 51, 22, 17, 31, 95, 103, 27, 81, 89, 82, 49, 51, 93, 61, 23, 61, 27, 120, 82, 18, 28, 91, 97, 75, 21, 76, 66, 55, 68, 22, |
	145, 223, 134, 154, 139, 75, 207, 62, 118, 127, 119, 124, 131, 201, 147, 146, 207, 178, 139, 128, 120, 179, 206, 100, 179, 206, 219, 113, 137, 157, 64, 124, 121, 198, 139, 178, 129, 0, 155, 231, 26, 126, 194, 93, 32, 252, 233, 137, 177, 207, 150, 275, 102, 177, 127, 170, 122, 208, 157, 102, 162, 155, 208, 153, 180, 104, 190, 232, 208, 239, 207, 186, 101, 87, 134, 237, 158, 56, 160, 128, 137, 75, 112, 115, 167, 215, 174, 208, 12, 162, 125, 198, 31, 159, 224, 110, 184, 252, 202, 144, 140, 146, 91, 128, 156, 152, 131, 146, 238, 249, 135, 105, 167, 134, 159, 96, 165, 146, 201, 103, 147, 213, 190, 117, 158, 134, 217, 189, 154, 226, 126, 162, 150, 217, 120, 162, 170, 145, 160, 156, 166, 132, 184, 195, 139, 148, 224, 158, 91, 98, 140, 136, 172, 142, 212, 133, 139, 145, 192, 106, 119, 154, 202, 214, 163, 138, 77, 138, 171, 128, 141, 84, 178, 177, 148, 225, 123, 221, 202, 143, 105, 165, 149, 145, 103, 68, 130, 151, 106, 116, 103, 94, 128, 132, 75, 209, 123, 157, 26, 140, 188, 152, 128, 194, 128, 116, 151, 187, 168, 172, 147, 152, 147, 157, 225, 233, 141, 211, 40, 212, 179, 78, 155, 101, 153, 67, 157, 211, 212, 111, 156, 220, 227, 192, 129, 147, 196, 185, 198, 151, |
	30, 85, 107, 18, 90, 98, 100, 92, 95, 109, 35, 97, 117, 89, 22, 30, 55, 58, 22, 52, 54, 24, 57, 96, 135, 61, 73, 68, 54, 80, 151, 96, 33, 75, 62, 52, 75, 155, 0, 76, 146, 154, 69, 93, 128, 97, 84, 55, 99, 52, 5, 120, 136, 58, 45, 65, 44, 53, 51, 52, 29, 100, 53, 88, 27, 96, 39, 91, 146, 84, 52, 68, 95, 96, 20, 102, 94, 156, 63, 53, 42, 79, 73, 39, 75, 60, 103, 53, 142, 6, 29, 43, 186, 4, 107, 67, 126, 114, 67, 70, 64, 46, 125, 94, 59, 86, 117, 102, 83, 97, 118, 112, 101, 33, 47, 72, 50, 100, 46, 150, 76, 73, 76, 37, 42, 180, 67, 99, 13, 103, 28, 65, 40, 93, 63, 104, 91, 134, 111, 121, 62, 38, 63, 52, 101, 100, 87, 56, 63, 56, 55, 177, 65, 12, 57, 122, 27, 31, 37, 51, 36, 81, 50, 59, 57, 89, 192, 65, 168, 92, 137, 79, 32, 92, 108, 70, 54, 66, 67, 21, 76, 83, 52, 56, 107, 137, 54, 57, 48, 92, 169, 106, 31, 22, 83, 59, 55, 89, 128, 25, 77, 89, 43, 78, 114, 98, 80, 98, 46, 35, 23, 73, 66, 44, 78, 78, 48, 68, 131, 57, 72, 106, 18, 59, 77, 87, 60, 56, 65, 67, 46, 88, 72, 150, 53, 151, 68, 59, 74, 66, |
